0 1
1 0
2 3
3 2
4 1
5 2
6 3
7 1
8 1
9 1
10 2
11 1
12 4
13 3
14 4
15 3
16 1
17 5
18 4
19 6
20 5
21 1
22 1
23 1
24 1
25 0
26 4
27 0
28 1
29 6
30 6
31 4
32 3
33 0
34 4
35 6
36 4
37 0
38 4
39 3
40 2
41 1
42 4
43 4
44 7
45 0
46 8
47 3
48 7
49 8
50 1
51 1
52 2
53 8
54 4
55 6
56 0
57 7
58 8
59 0
60 3
61 4
62 0
63 0
64 3
65 5
66 7
67 8
68 1
69 1
70 0
71 4
72 2
73 8
74 2
75 7
76 0
77 1
78 1
79 6
80 6
81 2
82 6
83 8
84 2
85 4
86 7
87 5
88 8
89 0
90 1
91 7
92 7
93 1
94 6
95 0
96 5
97 2
98 2
99 4
100 3
101 6
102 2
103 0
104 1
105 0
106 3
107 2
108 1
109 0
110 8
111 1
112 7
113 5
114 8
