0 3
1 3
2 2
3 2
4 2
5 2
6 5
7 1
8 1
9 1
10 2
11 2
12 4
13 5
14 4
15 5
16 1
17 0
18 4
19 3
20 0
21 1
22 1
23 1
24 2
25 3
26 4
27 0
28 2
29 3
30 3
31 4
32 5
33 3
34 4
35 3
36 0
37 3
38 4
39 5
40 2
41 1
42 0
43 4
44 0
45 3
46 1
47 5
48 0
49 1
50 2
51 1
52 2
53 1
54 4
55 3
56 0
57 0
58 0
59 0
60 5
61 4
62 0
63 0
64 5
65 0
66 0
67 1
68 1
69 2
70 0
71 4
72 2
73 1
74 2
75 0
76 0
77 1
78 1
79 3
80 3
81 2
82 3
83 2
84 2
85 4
86 0
87 0
88 1
89 3
90 2
91 0
92 0
93 3
94 3
95 0
96 0
97 0
98 2
99 4
100 5
101 3
102 2
103 3
104 1
105 3
106 5
107 2
108 1
109 3
110 1
111 1
112 0
113 0
114 1
