0 1
1 0
2 3
3 2
4 1
5 2
6 3
7 4
8 4
9 1
10 2
11 5
12 6
13 3
14 6
15 3
16 1
17 7
18 8
19 9
20 7
21 4
22 4
23 1
24 5
25 0
26 6
27 7
28 5
29 9
30 9
31 8
32 3
33 0
34 8
35 9
36 6
37 0
38 6
39 3
40 2
41 1
42 10
43 6
44 10
45 0
46 11
47 3
48 10
49 11
50 5
51 4
52 2
53 11
54 8
55 9
56 7
57 10
58 10
59 10
60 3
61 8
62 7
63 10
64 3
65 7
66 10
67 11
68 4
69 5
70 7
71 8
72 2
73 11
74 2
75 10
76 7
77 4
78 4
79 9
80 9
81 2
82 9
83 11
84 2
85 6
86 10
87 7
88 11
89 0
90 5
91 10
92 10
93 1
94 9
95 7
96 7
97 10
98 2
99 8
100 3
101 9
102 2
103 0
104 1
105 0
106 3
107 2
108 4
109 0
110 11
111 4
112 10
113 7
114 11
