0 1
1 0
2 3
3 2
4 1
5 2
6 3
7 1
8 1
9 1
10 2
11 4
12 5
13 3
14 5
15 3
16 1
17 6
18 7
19 8
20 6
21 1
22 1
23 1
24 4
25 0
26 5
27 6
28 4
29 8
30 8
31 7
32 3
33 0
34 7
35 8
36 6
37 0
38 5
39 3
40 2
41 1
42 7
43 5
44 6
45 0
46 9
47 3
48 6
49 9
50 4
51 1
52 2
53 9
54 7
55 8
56 6
57 6
58 6
59 6
60 3
61 7
62 6
63 6
64 3
65 6
66 6
67 9
68 1
69 4
70 6
71 7
72 2
73 9
74 2
75 6
76 6
77 1
78 1
79 8
80 8
81 2
82 8
83 9
84 2
85 5
86 6
87 6
88 9
89 0
90 4
91 6
92 6
93 1
94 8
95 6
96 6
97 6
98 2
99 7
100 3
101 8
102 2
103 0
104 1
105 0
106 3
107 2
108 1
109 0
110 9
111 1
112 6
113 6
114 9
