0 1
1 0
2 1
3 1
4 1
5 1
6 1
7 1
8 1
9 1
10 1
11 1
12 0
13 1
14 0
15 1
16 1
17 0
18 0
19 0
20 0
21 1
22 1
23 1
24 1
25 0
26 0
27 0
28 1
29 0
30 0
31 0
32 1
33 0
34 0
35 0
36 0
37 0
38 0
39 1
40 1
41 1
42 0
43 0
44 0
45 0
46 1
47 1
48 0
49 1
50 1
51 1
52 1
53 1
54 0
55 0
56 0
57 0
58 0
59 0
60 1
61 0
62 0
63 0
64 1
65 0
66 0
67 1
68 1
69 1
70 0
71 0
72 1
73 1
74 1
75 0
76 0
77 1
78 1
79 0
80 0
81 1
82 1
83 1
84 1
85 0
86 0
87 0
88 1
89 0
90 1
91 0
92 0
93 1
94 0
95 0
96 0
97 0
98 1
99 0
100 1
101 0
102 1
103 0
104 1
105 0
106 1
107 1
108 1
109 0
110 1
111 1
112 0
113 0
114 1
