0 1
1 0
2 3
3 2
4 1
5 2
6 3
7 3
8 3
9 1
10 2
11 1
12 4
13 3
14 4
15 3
16 1
17 5
18 6
19 7
20 5
21 3
22 3
23 1
24 1
25 0
26 4
27 5
28 1
29 7
30 7
31 6
32 3
33 0
34 6
35 7
36 4
37 0
38 4
39 3
40 2
41 1
42 4
43 4
44 8
45 0
46 9
47 3
48 8
49 9
50 1
51 3
52 2
53 9
54 6
55 7
56 5
57 8
58 10
59 10
60 3
61 6
62 5
63 10
64 3
65 5
66 8
67 9
68 3
69 1
70 5
71 6
72 2
73 9
74 2
75 8
76 5
77 3
78 3
79 7
80 7
81 2
82 3
83 9
84 2
85 4
86 8
87 5
88 9
89 0
90 1
91 8
92 8
93 1
94 7
95 5
96 5
97 10
98 2
99 6
100 3
101 7
102 2
103 0
104 1
105 0
106 3
107 2
108 3
109 0
110 9
111 3
112 8
113 5
114 9
