0 1
1 0
2 3
3 2
4 1
5 2
6 3
7 4
8 4
9 1
10 2
11 1
12 5
13 3
14 5
15 3
16 1
17 6
18 7
19 8
20 6
21 4
22 4
23 1
24 1
25 0
26 5
27 6
28 1
29 8
30 8
31 7
32 3
33 0
34 7
35 8
36 9
37 0
38 5
39 3
40 2
41 1
42 5
43 5
44 10
45 0
46 1
47 3
48 10
49 1
50 1
51 4
52 2
53 1
54 7
55 8
56 6
57 10
58 9
59 9
60 3
61 7
62 6
63 9
64 3
65 6
66 10
67 1
68 4
69 1
70 6
71 7
72 2
73 1
74 2
75 10
76 6
77 4
78 4
79 8
80 8
81 2
82 8
83 1
84 2
85 5
86 10
87 6
88 1
89 0
90 1
91 10
92 10
93 1
94 8
95 6
96 6
97 9
98 2
99 7
100 3
101 8
102 2
103 0
104 1
105 0
106 3
107 2
108 4
109 0
110 1
111 4
112 10
113 6
114 1
