0 1
1 0
2 3
3 2
4 1
5 2
6 3
7 4
8 4
9 1
10 2
11 5
12 0
13 3
14 0
15 3
16 1
17 6
18 0
19 0
20 6
21 4
22 4
23 1
24 5
25 0
26 0
27 6
28 5
29 0
30 0
31 0
32 3
33 0
34 0
35 0
36 0
37 0
38 0
39 3
40 2
41 1
42 0
43 0
44 7
45 0
46 8
47 3
48 7
49 8
50 5
51 4
52 2
53 8
54 0
55 0
56 6
57 7
58 6
59 6
60 3
61 0
62 6
63 6
64 3
65 6
66 7
67 8
68 4
69 5
70 6
71 0
72 2
73 8
74 2
75 7
76 6
77 4
78 4
79 0
80 0
81 2
82 0
83 8
84 2
85 0
86 7
87 6
88 8
89 0
90 5
91 7
92 7
93 1
94 0
95 6
96 6
97 6
98 2
99 0
100 3
101 0
102 2
103 0
104 1
105 0
106 3
107 2
108 4
109 0
110 8
111 4
112 7
113 6
114 8
