0 1
1 0
2 3
3 2
4 1
5 2
6 3
7 4
8 4
9 1
10 2
11 5
12 6
13 3
14 6
15 3
16 1
17 7
18 6
19 8
20 7
21 4
22 4
23 1
24 5
25 0
26 6
27 7
28 5
29 8
30 8
31 6
32 3
33 0
34 6
35 8
36 6
37 0
38 6
39 3
40 2
41 1
42 6
43 6
44 9
45 0
46 10
47 3
48 9
49 10
50 5
51 4
52 2
53 10
54 6
55 8
56 7
57 9
58 11
59 11
60 3
61 6
62 7
63 11
64 3
65 7
66 9
67 10
68 4
69 5
70 7
71 6
72 2
73 10
74 2
75 9
76 7
77 4
78 4
79 8
80 8
81 2
82 8
83 10
84 2
85 6
86 9
87 7
88 10
89 0
90 5
91 9
92 9
93 1
94 8
95 7
96 7
97 11
98 2
99 6
100 3
101 8
102 2
103 0
104 1
105 0
106 3
107 2
108 4
109 0
110 10
111 4
112 9
113 7
114 10
