0 1
1 0
2 3
3 2
4 1
5 2
6 3
7 4
8 4
9 1
10 2
11 2
12 3
13 3
14 3
15 3
16 1
17 5
18 3
19 6
20 5
21 4
22 4
23 1
24 2
25 0
26 3
27 5
28 2
29 6
30 6
31 3
32 3
33 0
34 3
35 6
36 3
37 0
38 3
39 3
40 2
41 1
42 3
43 3
44 7
45 0
46 8
47 3
48 7
49 8
50 2
51 4
52 2
53 8
54 3
55 6
56 5
57 7
58 5
59 5
60 3
61 3
62 5
63 5
64 3
65 5
66 7
67 8
68 4
69 2
70 5
71 3
72 2
73 8
74 2
75 7
76 5
77 4
78 4
79 6
80 6
81 2
82 6
83 8
84 2
85 3
86 7
87 5
88 8
89 0
90 2
91 7
92 7
93 1
94 6
95 5
96 5
97 2
98 2
99 3
100 3
101 6
102 2
103 0
104 1
105 0
106 3
107 2
108 4
109 0
110 8
111 4
112 7
113 5
114 8
