856559 0
856560 10
856561 1
856562 27
856563 14
856564 37
856567 24
856570 39
856571 8
856572 18
856573 46
856574 52
856575 53
856577 5
856578 54
856579 5
856580 39
856581 2
856582 58
856583 40
856584 5
856585 2
856587 60
856589 2
856590 65
856591 20
856592 67
856594 37
856595 8
856596 61
856597 20
856600 3
856601 79
856602 80
856603 81
856604 2
856605 51
856607 10
856608 84
856609 85
856610 86
856612 2
856614 2
856615 87
856617 11
856618 8
856620 88
856621 8
856622 58
856623 8
856624 8
856625 5
856626 8
856627 11
856628 85
856629 1
856630 94
856631 5
856633 41
856634 22
856637 84
856638 11
856639 38
856640 3
856641 104
856642 14
856643 11
856644 107
856645 10
856647 8
856649 83
856650 8
856651 4
856652 37
856653 108
856656 120
856657 39
856658 8
856659 121
856660 123
856661 124
856662 5
856663 117
856665 5
856666 46
856667 2
856668 14
856669 127
856670 64
856671 8
856672 8
856673 30
856674 109
856678 37
856679 83
856680 8
856681 130
856682 130
856684 102
856685 41
856686 134
856687 110
856688 136
856690 9
856691 3
856692 5
856693 83
856696 11
856697 86
856698 31
856699 4
856700 5
856701 8
856702 138
856703 38
856704 32
856705 87
856706 140
856707 24
856708 68
856709 60
856710 10
856711 50
856712 132
856713 62
856714 18
856715 47
856716 91
856717 8
856719 65
856720 123
856722 8
856725 146
856726 5
856727 20
856728 148
856729 148
856730 55
856731 130
856732 149
856733 83
856734 5
856736 8
856737 14
856738 152
856739 12
856740 8
856741 155
856742 155
856743 155
856744 2
856747 8
856748 157
856749 13
856750 35
856751 28
856752 37
856754 8
856755 159
856756 115
856757 251
856758 160
856759 8
856760 157
856761 254
856764 8
856765 8
856766 10
856767 82
856768 5
856770 8
856771 5
856773 46
856774 8
856775 14
856777 101
856778 12
856779 124
856780 28
856781 165
856782 85
856783 154
856784 166
856785 154
856786 167
856787 10
856788 129
856789 234
856790 167
856794 168
856796 8
856797 5
856798 103
856799 124
856800 143
856801 117
856802 1
856803 29
856804 12
856805 12
856806 6
856807 25
856808 71
856809 173
856811 116
856812 33
856813 89
856814 163
856815 46
856816 8
856817 111
856819 3
856820 7
856823 155
856824 175
856825 85
856826 235
856827 160
856828 8
856829 61
856830 5
856831 95
856832 38
856833 8
856834 85
856836 124
856837 115
856839 35
856840 7
856841 10
856842 124
856843 5
856844 1
856845 11
856846 67
856848 10
856851 165
856852 94
856855 179
856856 157
856857 40
856858 2
856859 8
856861 5
856863 75
856869 41
856870 67
856871 181
856872 121
856874 59
856875 58
856876 35
856878 73
856880 46
856881 171
856882 171
856884 176
856885 154
856886 109
856887 37
856889 137
856890 37
856892 1
856893 37
856894 186
856896 172
856897 48
856900 8
856901 46
856902 69
856903 85
856904 18
856905 89
856906 8
856907 42
856908 8
856909 145
856910 49
856911 168
856912 65
856914 2
856916 38
856917 21
856918 39
856919 8
856920 150
856921 110
856922 34
856925 5
856926 189
856927 9
856930 32
856931 141
856932 14
856933 35
856934 252
856935 191
856936 28
856938 43
856939 105
856940 33
856941 132
856942 73
856944 4
856945 8
856946 93
856949 113
856950 68
856951 37
856952 8
856954 2
856955 37
856956 24
856957 171
856959 84
856960 82
856961 0
856962 0
856963 0
856965 254
856966 46
856967 105
856969 0
856970 8
856971 115
856972 193
856973 117
856974 32
856975 8
856976 172
856978 194
856979 18
856981 142
856982 5
856983 32
856985 46
856986 14
856987 1
856988 54
856989 195
856992 69
856993 29
856994 85
856996 11
856998 69
856999 8
857000 0
857001 82
857003 8
857004 18
857005 8
857006 85
857007 18
857008 78
857009 8
857010 8
857011 35
857012 2
857013 8
857014 143
857018 0
857019 74
857020 198
857022 173
857024 182
857025 193
857026 111
857027 58
857029 11
857031 199
857032 46
857033 200
857035 201
857036 5
857037 8
857038 14
857041 90
857042 8
857043 39
857044 18
857045 203
857046 60
857047 186
857048 64
857050 190
857051 2
857052 73
857053 87
857054 8
857055 44
857057 145
857059 14
857060 9
857061 14
857062 18
857064 122
857069 33
857070 202
857071 124
857072 74
857073 4
857074 63
857075 188
857076 175
857077 49
857078 8
857079 82
857080 46
857081 76
857083 202
857084 85
857085 1
857086 25
857088 18
857090 35
857091 4
857092 130
857094 22
857095 71
857096 8
857097 124
857098 143
857099 8
857101 89
857102 206
857103 85
857104 38
857105 5
857106 18
857107 241
857108 8
857110 113
857113 163
857114 34
857115 36
857118 92
857119 207
857120 103
857121 15
857122 15
857127 8
857128 123
857129 18
857130 34
857131 86
857132 137
857133 117
857135 8
857136 159
857137 173
857138 141
857139 1
857141 25
857142 35
857144 18
857145 5
857146 5
857147 207
857149 7
857150 58
857151 208
857152 11
857155 242
857156 144
857157 62
857158 18
857159 168
857160 170
857161 9
857167 128
857168 128
857169 53
857170 1
857172 39
857173 1
857174 144
857175 147
857176 66
857177 118
857178 209
857179 210
857181 16
857182 5
857183 161
857184 141
857185 12
857187 13
857188 179
857191 8
857192 58
857193 36
857196 37
857197 177
857200 170
857201 105
857202 1
857203 8
857204 11
857205 8
857206 37
857208 14
857209 21
857210 67
857211 54
857212 1
857213 8
857215 91
857216 100
857217 211
857218 38
857219 8
857220 88
857221 105
857222 56
857223 127
857224 49
857226 46
857227 246
857228 246
857229 24
857230 212
857231 212
857233 243
857234 18
857235 102
857236 147
857237 12
857238 8
857239 8
857242 49
857244 8
857245 93
857247 133
857248 18
857251 69
857253 11
857254 35
857255 50
857257 36
857258 117
857259 195
857260 23
857261 134
857264 54
857266 12
857269 243
857270 83
857272 8
857273 8
857274 171
857275 5
857278 52
857279 24
857280 213
857281 2
857282 124
857283 16
857284 8
857285 37
857286 215
857287 99
857288 24
857289 139
857290 14
857291 8
857294 39
857295 100
857296 105
857297 14
857298 11
857299 8
857300 25
857302 37
857303 18
857304 8
857305 13
857309 151
857310 8
857311 49
857312 8
857313 112
857314 2
857316 193
857317 131
857318 8
857320 25
857321 131
857322 2
857323 46
857325 2
857326 75
857327 29
857328 131
857329 131
857330 131
857332 51
857333 199
857334 69
857335 62
857336 8
857337 49
857339 11
857340 2
857341 8
857343 203
857344 8
857345 8
857346 199
857347 24
857349 168
857350 125
857352 14
857354 124
857356 36
857357 38
857359 187
857360 179
857361 139
857365 180
857367 38
857368 18
857369 83
857370 46
857375 8
857376 59
857378 33
857379 18
857381 8
857383 69
857385 73
857386 177
857389 97
857391 139
857392 32
857395 97
857396 2
857397 93
857398 8
857399 247
857400 209
857402 217
857404 84
857405 8
857407 70
857409 205
857410 90
857411 10
857412 18
857413 247
857414 32
857415 25
857416 145
857417 11
857420 248
857421 65
857422 8
857423 46
857424 60
857426 64
857428 6
857429 137
857430 197
857431 38
857432 47
857433 58
857434 190
857435 21
857437 11
857438 130
857439 80
857440 8
857441 46
857442 1
857443 8
857444 104
857445 8
857446 8
857447 185
857448 150
857449 24
857451 15
857453 1
857454 8
857455 6
857456 70
857457 151
857458 8
857459 82
857460 67
857461 52
857462 10
857463 210
857464 169
857465 46
857468 8
857469 8
857470 105
857471 99
857472 35
857474 10
857475 24
857477 143
857479 78
857480 29
857481 17
857482 70
857487 8
857488 163
857489 24
857492 17
857493 152
857495 8
857496 112
857497 46
857498 8
857499 35
857500 2
857502 46
857505 88
857506 211
857507 111
857508 8
857509 73
857510 32
857511 181
857513 125
857514 46
857516 132
857517 133
857518 14
857519 5
857521 8
857523 33
857524 63
857526 14
857527 18
857528 8
857529 236
857530 218
857531 219
857532 219
857533 219
857535 131
857536 178
857537 63
857538 18
857539 216
857541 39
857544 8
857548 49
857549 242
857551 8
857552 68
857554 208
857555 129
857558 7
857559 257
857560 162
857561 226
857564 84
857565 67
857567 50
857571 8
857572 109
857575 18
857577 156
857579 220
857580 60
857581 96
857582 92
857583 46
857584 82
857585 221
857587 8
857588 93
857590 54
857593 161
857595 55
857598 46
857599 18
857600 2
857601 219
857602 18
857603 222
857604 235
857605 43
857606 166
857607 8
857608 219
857609 219
857610 219
857611 218
857612 236
857614 205
857615 223
857618 8
857619 158
857622 18
857623 131
857624 224
857626 18
857629 136
857630 109
857631 116
857632 49
857633 43
857634 20
857635 84
857637 38
857638 125
857639 216
857640 131
857641 131
857644 67
857646 225
857647 8
857649 12
857651 237
857652 36
857653 122
857655 5
857656 8
857658 130
857659 66
857660 83
857661 46
857662 8
857664 226
857665 139
857666 57
857667 205
857668 15
857669 178
857670 220
857671 126
857672 100
857673 10
857675 220
857676 4
857679 4
857680 52
857681 12
857682 45
857684 8
857685 118
857686 248
857687 8
857688 215
857689 183
857690 170
857692 71
857693 249
857694 134
857696 244
857698 234
857699 65
857701 15
857703 66
857704 34
857705 46
857706 35
857707 51
857708 191
857710 135
857711 18
857713 145
857714 8
857715 50
857716 86
857717 42
857718 223
857719 97
857722 33
857723 174
857724 11
857725 37
857726 15
857730 76
857731 114
857732 50
857734 72
857735 93
857736 194
857739 216
857740 216
857741 216
857742 18
857743 227
857744 227
857745 72
857746 85
857750 5
857751 52
857752 18
857754 118
857757 56
857758 136
857759 18
857760 174
857761 133
857763 33
857765 228
857768 79
857769 37
857770 129
857771 18
857773 31
857776 38
857777 46
857778 104
857780 37
857781 37
857782 18
857783 107
857784 8
857785 5
857786 38
857790 145
857791 120
857792 8
857796 40
857799 217
857800 219
857801 5
857803 82
857804 219
857805 219
857806 219
857807 219
857808 8
857809 218
857810 219
857811 219
857812 219
857813 236
857814 219
857816 5
857817 209
857822 214
857823 170
857824 57
857826 73
857828 73
857829 28
857830 22
857832 66
857834 52
857836 8
857837 8
857838 68
857839 35
857841 64
857842 110
857843 76
857845 5
857846 227
857847 207
857849 76
857850 192
857851 178
857852 2
857854 18
857856 238
857857 238
857858 18
857859 108
857861 85
857862 24
857863 49
857864 140
857865 8
857866 27
857867 30
857868 184
857870 250
857871 30
857873 76
857874 250
857875 24
857879 133
857880 30
857881 255
857882 51
857883 38
857885 11
857886 46
857888 82
857889 85
857893 46
857894 199
857895 187
857896 148
857897 229
857899 8
857900 112
857901 77
857902 23
857904 36
857905 36
857906 36
857907 164
857909 48
857911 8
857912 8
857913 11
857914 15
857915 8
857917 148
857918 125
857919 17
857920 196
857921 54
857922 37
857925 52
857926 228
857929 170
857930 18
857932 17
857934 253
857935 34
857937 33
857938 122
857939 18
857940 18
857941 184
857945 1
857947 104
857948 69
857949 147
857950 15
857951 22
857952 1
857954 172
857955 92
857958 244
857960 169
857961 10
857962 141
857963 124
857964 255
857966 5
857967 136
857968 142
857970 137
857971 137
857972 2
857973 8
857974 168
857976 105
857978 226
857979 20
857980 91
857981 231
857982 8
857983 95
857984 165
857985 189
857986 50
857989 26
857990 126
857991 131
857992 85
857994 8
857995 11
857996 221
858000 124
858001 22
858002 5
858003 24
858004 230
858005 230
858007 180
858010 78
858011 8
858012 51
858014 5
858015 64
858016 8
858017 8
858018 98
858022 100
858023 34
858024 38
858026 16
858027 11
858028 8
858029 8
858030 54
858033 232
858036 249
858037 170
858040 129
858041 181
858043 260
858045 180
858046 18
858047 160
858050 52
858052 8
858054 224
858055 210
858056 201
858057 232
858058 8
858059 35
858060 132
858063 124
858066 113
858068 79
858069 47
858071 190
858073 18
858076 153
858077 8
858078 200
858079 2
858080 153
858081 252
858082 145
858084 24
858085 106
858086 94
858087 170
858090 25
858091 24
858092 18
858093 77
858095 214
858096 170
858097 60
858098 5
858099 18
858100 41
858101 5
858103 10
858109 233
858111 81
858112 168
858113 147
858114 229
858115 37
858118 90
858119 11
858120 26
858121 124
858122 1
858123 114
858124 14
858129 8
858130 54
858131 158
858133 26
858136 58
858137 160
858138 106
858139 160
858141 179
858142 190
858143 6
858144 245
858146 132
858147 26
858149 112
858150 8
858152 124
858153 25
858155 8
858156 70
858158 130
858159 93
858160 185
858163 37
858164 8
858167 8
858169 227
858170 162
858172 222
858174 213
858175 10
858177 209
858178 137
858179 46
858182 153
858183 125
858184 102
858186 8
858187 37
858190 53
858191 135
858193 49
858195 68
858197 233
858198 5
858200 149
858203 138
858204 15
858207 8
858208 29
858209 85
858210 83
858211 251
858212 54
858213 101
858214 49
858216 67
858218 14
858221 64
858222 55
858223 173
858224 102
858226 188
858227 6
858228 46
858229 93
858230 164
858232 92
858234 6
858235 85
858236 172
858238 182
858243 8
858250 18
858251 118
858252 225
858254 34
858256 258
858259 231
858260 8
858261 38
858262 18
858263 151
858265 15
858266 185
858267 78
858268 3
858269 67
858271 241
858273 45
858274 56
858276 8
858279 118
858280 42
858281 15
858283 204
858284 204
858285 65
858286 51
858289 112
858290 14
858292 256
858294 8
858296 145
858299 18
858301 199
858304 8
858305 45
858309 192
858311 239
858315 90
858317 5
858318 183
858319 256
858320 2
858321 54
858322 95
858323 164
858324 8
858325 11
858326 6
858327 46
858329 245
858330 22
858331 101
858332 197
858333 18
858334 69
858335 239
858336 8
858337 8
858339 206
858340 119
858341 34
858342 122
858343 15
858345 5
858347 67
858349 221
858350 156
858353 37
858355 160
858356 96
858357 37
858358 60
858361 178
858362 197
858363 116
858364 18
858365 198
858366 15
858368 10
858369 8
858373 259
858374 146
858375 146
858377 257
858379 63
858381 258
858382 11
858383 19
858384 19
858385 176
858386 119
858387 36
858389 41
858391 24
858392 130
858393 8
858394 24
858395 58
858396 6
858397 41
858398 124
858399 260
858400 8
858401 237
858402 110
858404 206
858405 44
858406 8
858408 240
858410 14
858411 1
858412 131
858413 142
858415 240
858416 1
858417 98
858418 123
858419 10
858420 178
858425 19
858427 41
858428 19
858429 259
858430 253
858431 183
858433 52
858434 196
858437 41
858440 36
