856559 0
856560 8
856561 1
856562 25
856563 28
856564 33
856567 24
856570 23
856571 7
856572 44
856573 45
856574 51
856575 52
856577 9
856578 54
856579 8
856580 23
856581 7
856582 59
856583 36
856584 9
856585 2
856587 2
856589 55
856590 68
856591 66
856592 70
856594 71
856595 7
856596 2
856597 1
856600 3
856601 82
856602 83
856603 84
856604 85
856605 86
856607 13
856608 50
856609 90
856610 91
856612 55
856614 55
856615 92
856617 8
856618 7
856620 93
856621 19
856622 59
856623 7
856624 7
856625 8
856626 7
856627 8
856628 90
856629 4
856630 81
856631 124
856633 23
856634 76
856637 50
856638 9
856639 34
856640 253
856641 108
856642 28
856643 8
856644 110
856645 10
856647 7
856649 88
856650 7
856651 19
856652 33
856653 111
856656 72
856657 78
856658 7
856659 120
856660 4
856661 122
856662 8
856663 117
856665 123
856666 45
856667 55
856668 19
856669 127
856670 8
856671 77
856672 7
856673 27
856674 128
856678 95
856679 88
856680 7
856681 132
856682 132
856684 131
856685 23
856686 139
856687 140
856688 43
856690 8
856691 3
856692 8
856693 88
856696 8
856697 91
856698 29
856699 5
856700 9
856701 7
856702 144
856703 2
856704 2
856705 92
856706 45
856707 24
856708 71
856709 62
856710 10
856711 49
856712 136
856713 1
856714 137
856715 45
856716 50
856717 7
856719 149
856720 62
856722 2
856725 150
856726 53
856727 17
856728 152
856729 152
856730 56
856731 135
856732 153
856733 66
856734 2
856736 7
856737 19
856738 135
856739 11
856740 7
856741 7
856742 7
856743 7
856744 58
856747 7
856748 160
856749 12
856750 2
856751 26
856752 33
856754 7
856755 162
856756 115
856757 264
856758 164
856759 7
856760 160
856761 267
856764 7
856765 77
856766 13
856767 87
856768 9
856770 7
856771 8
856773 46
856774 7
856775 8
856777 105
856778 11
856779 122
856780 33
856781 28
856782 90
856783 157
856784 171
856785 157
856786 173
856787 13
856788 7
856789 245
856790 173
856794 174
856796 7
856797 2
856798 106
856799 122
856800 136
856801 117
856802 4
856803 161
856804 155
856805 155
856806 6
856807 179
856808 4
856809 180
856811 116
856812 30
856813 93
856814 169
856815 125
856816 7
856817 112
856819 253
856820 1
856823 7
856824 182
856825 90
856826 246
856827 164
856828 7
856829 2
856830 9
856831 101
856832 2
856833 7
856834 90
856836 122
856837 115
856839 96
856840 1
856841 13
856842 122
856843 9
856844 1
856845 99
856846 70
856848 13
856851 28
856852 81
856855 187
856856 160
856857 36
856858 55
856859 156
856861 8
856863 39
856869 4
856870 70
856871 4
856872 120
856874 61
856875 59
856876 2
856878 8
856880 46
856881 155
856882 155
856884 183
856885 172
856886 128
856887 33
856889 166
856890 33
856892 2
856893 33
856894 189
856896 178
856897 47
856900 7
856901 125
856902 6
856903 90
856904 137
856905 93
856906 7
856907 38
856908 7
856909 146
856910 45
856911 174
856912 69
856914 37
856916 34
856917 20
856918 23
856919 7
856920 66
856921 7
856922 158
856925 124
856926 192
856927 8
856930 2
856931 193
856932 28
856933 2
856934 265
856935 195
856936 161
856938 39
856939 18
856940 131
856941 47
856942 8
856944 5
856945 7
856946 143
856949 114
856950 71
856951 7
856952 7
856954 55
856955 95
856956 24
856957 155
856959 50
856960 87
856961 0
856962 0
856963 0
856965 267
856966 45
856967 18
856969 0
856970 7
856971 78
856972 196
856973 117
856974 2
856975 7
856976 178
856978 197
856979 41
856981 49
856982 2
856983 2
856985 48
856986 28
856987 21
856988 54
856989 198
856992 6
856993 176
856994 185
856996 107
856998 6
856999 7
857000 17
857001 87
857003 9
857004 41
857005 7
857006 90
857007 65
857008 81
857009 7
857010 7
857011 2
857012 63
857013 7
857014 177
857018 0
857019 41
857020 199
857022 180
857024 184
857025 196
857026 112
857027 60
857029 99
857031 200
857032 45
857033 203
857035 204
857036 8
857037 7
857038 28
857041 93
857042 7
857043 78
857044 44
857045 207
857046 2
857047 189
857048 67
857050 194
857051 85
857052 8
857053 92
857054 7
857055 40
857057 146
857059 28
857060 8
857061 28
857062 7
857064 100
857069 43
857070 205
857071 122
857072 41
857073 5
857074 195
857075 37
857076 182
857077 136
857078 7
857079 87
857080 125
857081 79
857083 205
857084 90
857085 4
857086 96
857088 75
857090 2
857091 5
857092 132
857094 22
857095 4
857096 7
857097 122
857098 177
857099 7
857101 93
857102 211
857103 90
857104 161
857105 9
857106 65
857107 254
857108 7
857110 114
857113 169
857114 31
857115 32
857118 212
857119 213
857120 106
857121 14
857122 14
857127 7
857128 121
857129 65
857130 66
857131 91
857132 166
857133 117
857135 7
857136 162
857137 180
857138 62
857139 4
857141 96
857142 2
857144 137
857145 53
857146 9
857147 213
857149 1
857150 59
857151 216
857152 9
857155 255
857156 145
857157 6
857158 137
857159 148
857160 161
857161 8
857167 62
857168 62
857169 52
857170 4
857172 78
857173 4
857174 145
857175 151
857176 10
857177 118
857178 217
857179 134
857181 15
857182 9
857183 165
857184 193
857185 8
857187 12
857188 187
857191 7
857192 60
857193 32
857196 33
857197 154
857200 161
857201 18
857202 4
857203 7
857204 9
857205 7
857206 33
857208 19
857209 20
857210 70
857211 54
857212 3
857213 43
857215 148
857216 76
857217 218
857218 34
857219 7
857220 94
857221 18
857222 57
857223 127
857224 45
857226 125
857227 259
857228 259
857229 8
857230 219
857231 219
857233 256
857234 163
857235 50
857236 151
857237 155
857238 7
857239 7
857242 45
857244 7
857245 143
857247 138
857248 44
857251 6
857253 9
857254 7
857255 48
857257 32
857258 117
857259 198
857260 23
857261 139
857264 54
857266 155
857269 256
857270 88
857272 41
857273 41
857274 155
857275 8
857278 51
857279 8
857280 220
857281 55
857282 122
857283 15
857284 211
857285 129
857286 222
857287 103
857288 24
857289 2
857290 224
857291 7
857294 23
857295 76
857296 18
857297 19
857298 9
857299 7
857300 179
857302 130
857303 65
857304 7
857305 12
857309 66
857310 7
857311 136
857312 7
857313 101
857314 64
857316 196
857317 133
857318 7
857320 1
857321 133
857322 63
857323 136
857325 63
857326 39
857327 176
857328 133
857329 133
857330 133
857332 50
857333 201
857334 6
857335 7
857336 41
857337 48
857339 9
857340 13
857341 7
857343 207
857344 7
857345 7
857346 200
857347 24
857349 148
857350 225
857352 2
857354 122
857356 32
857357 2
857359 190
857360 187
857361 223
857365 191
857367 130
857368 7
857369 113
857370 48
857375 9
857376 61
857378 35
857379 41
857381 7
857383 6
857385 8
857386 154
857389 22
857391 223
857392 2
857395 7
857396 55
857397 100
857398 7
857399 260
857400 217
857402 226
857404 50
857405 7
857407 72
857409 210
857410 190
857411 10
857412 65
857413 260
857414 2
857415 1
857416 146
857417 107
857420 261
857421 149
857422 7
857423 45
857424 1
857426 135
857428 156
857429 166
857430 166
857431 34
857432 147
857433 59
857434 50
857435 20
857437 8
857438 134
857439 83
857440 7
857441 202
857442 4
857443 41
857444 108
857445 7
857446 7
857447 188
857448 66
857449 8
857451 14
857453 21
857454 7
857455 156
857456 73
857457 208
857458 7
857459 87
857460 70
857461 51
857462 8
857463 142
857464 175
857465 168
857468 7
857469 7
857470 18
857471 103
857472 2
857474 89
857475 35
857477 177
857479 81
857480 25
857481 16
857482 64
857487 77
857488 169
857489 24
857492 16
857493 154
857495 7
857496 101
857497 45
857498 7
857499 2
857500 58
857502 46
857505 94
857506 218
857507 112
857508 7
857509 8
857510 2
857511 4
857513 19
857514 45
857516 47
857517 138
857518 28
857519 9
857521 7
857523 131
857524 195
857526 19
857527 65
857528 7
857529 247
857530 228
857531 228
857532 228
857533 228
857535 133
857536 99
857537 2
857538 137
857539 133
857541 1
857544 7
857548 45
857549 255
857551 18
857552 71
857554 216
857555 2
857558 69
857559 270
857560 167
857561 179
857564 50
857565 43
857567 49
857571 7
857572 110
857575 206
857577 159
857579 230
857580 62
857581 37
857582 98
857583 136
857584 87
857585 215
857587 17
857588 100
857590 54
857593 165
857595 56
857598 45
857599 41
857600 55
857601 228
857602 65
857603 232
857604 246
857605 39
857606 171
857607 7
857608 228
857609 228
857610 248
857611 228
857612 247
857614 210
857615 233
857618 7
857619 89
857622 65
857623 133
857624 234
857626 65
857629 142
857630 128
857631 116
857632 45
857633 39
857634 14
857635 50
857637 34
857638 19
857639 133
857640 133
857641 133
857644 70
857646 235
857647 7
857649 11
857651 249
857652 32
857653 100
857655 8
857656 8
857658 11
857659 10
857660 113
857661 126
857662 7
857664 179
857665 223
857666 7
857667 210
857668 172
857669 229
857670 230
857671 19
857672 76
857673 10
857675 230
857676 72
857679 19
857680 51
857681 11
857682 42
857684 7
857685 118
857686 261
857687 7
857688 222
857689 4
857690 161
857692 4
857693 262
857694 139
857696 257
857698 245
857699 68
857701 97
857703 10
857704 31
857705 125
857706 2
857707 50
857708 195
857710 141
857711 41
857713 146
857714 7
857715 49
857716 91
857717 38
857718 233
857719 72
857722 99
857723 181
857724 237
857725 95
857726 97
857730 79
857731 2
857732 49
857734 74
857735 143
857736 197
857739 133
857740 133
857741 133
857742 96
857743 238
857744 238
857745 74
857746 10
857750 8
857751 51
857752 163
857754 118
857757 57
857758 2
857759 17
857760 181
857761 138
857763 131
857765 239
857768 82
857769 71
857770 2
857771 214
857773 29
857776 34
857777 45
857778 108
857780 75
857781 75
857782 65
857783 110
857784 7
857785 186
857786 130
857790 146
857791 72
857792 43
857796 36
857799 226
857800 248
857801 8
857803 87
857804 228
857805 248
857806 228
857807 228
857808 79
857809 228
857810 228
857811 228
857812 228
857813 247
857814 228
857816 123
857817 217
857822 221
857823 161
857824 7
857826 99
857828 99
857829 26
857830 22
857832 66
857834 51
857836 7
857837 7
857838 71
857839 2
857841 67
857842 140
857843 79
857845 60
857846 238
857847 213
857849 79
857850 95
857851 229
857852 85
857854 75
857856 250
857857 250
857858 206
857859 111
857861 185
857862 43
857863 93
857864 45
857865 8
857866 25
857867 27
857868 2
857870 263
857871 27
857873 79
857874 263
857875 24
857879 138
857880 27
857881 268
857882 126
857883 184
857885 9
857886 45
857888 48
857889 90
857893 202
857894 200
857895 190
857896 152
857897 240
857899 7
857900 101
857901 80
857902 23
857904 32
857905 32
857906 32
857907 170
857909 47
857911 7
857912 7
857913 9
857914 14
857915 7
857917 152
857918 19
857919 227
857920 189
857921 54
857922 34
857925 51
857926 239
857929 161
857930 44
857932 227
857934 266
857935 31
857937 30
857938 100
857939 44
857940 65
857941 35
857945 4
857947 108
857948 6
857949 151
857950 14
857951 22
857952 4
857954 178
857955 98
857958 257
857960 175
857961 10
857962 62
857963 122
857964 268
857966 186
857967 134
857968 49
857970 166
857971 166
857972 55
857973 41
857974 148
857976 18
857978 179
857979 66
857980 93
857981 241
857982 7
857983 101
857984 141
857985 192
857986 48
857989 119
857990 149
857991 133
857992 185
857994 7
857995 9
857996 231
858000 122
858001 22
858002 9
858003 24
858004 30
858005 30
858007 64
858010 81
858011 7
858012 86
858014 22
858015 67
858016 7
858017 7
858018 102
858022 76
858023 158
858024 34
858026 15
858027 237
858028 7
858029 7
858030 54
858033 242
858036 262
858037 161
858040 120
858041 4
858043 273
858045 191
858046 75
858047 164
858050 51
858052 7
858054 234
858055 142
858056 204
858057 242
858058 8
858059 2
858060 126
858063 122
858066 114
858068 82
858069 147
858071 194
858073 137
858076 11
858077 7
858078 203
858079 64
858080 243
858081 265
858082 146
858084 35
858085 109
858086 81
858087 161
858090 179
858091 24
858092 214
858093 80
858095 221
858096 161
858097 2
858098 2
858099 214
858100 23
858101 9
858103 13
858109 244
858111 84
858112 174
858113 151
858114 240
858115 33
858118 190
858119 107
858120 119
858121 122
858122 4
858123 7
858124 19
858129 7
858130 54
858131 39
858133 119
858136 60
858137 164
858138 109
858139 164
858141 187
858142 194
858143 156
858144 258
858146 126
858147 0
858149 101
858150 7
858152 122
858153 96
858155 7
858156 73
858158 135
858159 143
858160 188
858163 33
858164 7
858167 7
858169 238
858170 167
858172 232
858174 220
858175 13
858177 217
858178 2
858179 46
858182 243
858183 225
858184 131
858186 7
858187 75
858190 52
858191 141
858193 45
858195 71
858197 244
858198 9
858200 153
858203 144
858204 14
858207 7
858208 176
858209 185
858210 88
858211 264
858212 54
858213 105
858214 45
858216 70
858218 28
858221 67
858222 56
858223 180
858224 50
858226 37
858227 71
858228 45
858229 143
858230 170
858232 212
858234 71
858235 90
858236 178
858238 184
858243 7
858250 44
858251 118
858252 235
858254 158
858256 271
858259 241
858260 7
858261 2
858262 137
858263 158
858265 97
858266 188
858267 81
858268 3
858269 70
858271 254
858273 42
858274 57
858276 7
858279 118
858280 38
858281 97
858283 209
858284 209
858285 69
858286 86
858289 101
858290 224
858292 269
858294 7
858296 146
858299 44
858301 201
858304 7
858305 42
858309 95
858311 251
858315 93
858317 4
858318 4
858319 269
858320 208
858321 54
858322 101
858323 170
858324 7
858325 8
858326 156
858327 168
858329 258
858330 22
858331 105
858332 132
858333 41
858334 6
858335 251
858336 41
858337 41
858339 211
858340 16
858341 66
858342 100
858343 97
858345 8
858347 70
858349 231
858350 159
858353 129
858355 164
858356 37
858357 33
858358 2
858361 229
858362 132
858363 116
858364 65
858365 199
858366 97
858368 10
858369 7
858373 272
858374 150
858375 150
858377 270
858379 2
858381 271
858382 9
858383 18
858384 18
858385 183
858386 111
858387 236
858389 4
858391 35
858392 132
858393 7
858394 163
858395 59
858396 19
858397 23
858398 122
858399 273
858400 7
858401 249
858402 7
858404 211
858405 40
858406 7
858408 252
858410 28
858411 215
858412 133
858413 49
858415 252
858416 4
858417 102
858418 121
858419 13
858420 229
858425 18
858427 104
858428 18
858429 272
858430 266
858431 4
858433 51
858434 189
858437 104
858440 236
