856559 0
856560 8
856561 0
856562 24
856563 26
856564 32
856567 23
856570 34
856571 37
856572 44
856573 45
856574 51
856575 52
856577 9
856578 53
856579 9
856580 34
856581 39
856582 59
856583 35
856584 9
856585 1
856587 30
856589 1
856590 68
856591 70
856592 64
856594 17
856595 37
856596 64
856597 18
856600 2
856601 84
856602 85
856603 62
856604 79
856605 87
856607 13
856608 89
856609 90
856610 91
856612 1
856614 1
856615 92
856617 10
856618 38
856620 94
856621 14
856622 62
856623 77
856624 51
856625 10
856626 21
856627 10
856628 11
856629 3
856630 100
856631 70
856633 34
856634 78
856637 89
856638 9
856639 33
856640 82
856641 107
856642 26
856643 10
856644 24
856645 7
856647 56
856649 6
856650 98
856651 14
856652 33
856653 24
856656 72
856657 11
856658 38
856659 117
856660 119
856661 120
856662 9
856663 114
856665 88
856666 45
856667 1
856668 14
856669 125
856670 10
856671 79
856672 9
856673 25
856674 127
856678 128
856679 6
856680 38
856681 129
856682 129
856684 106
856685 34
856686 133
856687 109
856688 42
856690 7
856691 82
856692 10
856693 6
856696 10
856697 91
856698 27
856699 0
856700 9
856701 11
856702 138
856703 32
856704 28
856705 92
856706 45
856707 23
856708 71
856709 63
856710 7
856711 49
856712 131
856713 65
856714 66
856715 45
856716 89
856717 37
856719 147
856720 63
856722 13
856725 121
856726 9
856727 18
856728 149
856729 149
856730 54
856731 67
856732 150
856733 78
856734 30
856736 21
856737 14
856738 67
856739 12
856740 21
856741 156
856742 156
856743 156
856744 57
856747 38
856748 159
856749 11
856750 30
856751 24
856752 33
856754 38
856755 160
856756 83
856757 259
856758 86
856759 21
856760 159
856761 262
856764 38
856765 79
856766 13
856767 49
856768 9
856770 4
856771 10
856773 46
856774 21
856775 14
856777 95
856778 12
856779 120
856780 33
856781 165
856782 121
856783 154
856784 166
856785 154
856786 167
856787 13
856788 106
856789 240
856790 167
856794 168
856796 21
856797 4
856798 9
856799 120
856800 143
856801 114
856802 3
856803 170
856804 152
856805 152
856806 5
856807 172
856808 74
856809 173
856811 112
856812 29
856813 95
856814 164
856815 48
856816 21
856817 175
856819 82
856820 6
856823 156
856824 33
856825 17
856826 241
856827 86
856828 38
856829 64
856830 10
856831 101
856832 139
856833 38
856834 90
856836 120
856837 161
856839 30
856840 34
856841 13
856842 120
856843 10
856844 0
856845 10
856846 64
856848 13
856851 165
856852 100
856855 184
856856 159
856857 35
856858 1
856859 5
856861 10
856863 80
856869 104
856870 64
856871 74
856872 117
856874 61
856875 59
856876 30
856878 10
856880 46
856881 171
856882 171
856884 177
856885 154
856886 127
856887 33
856889 188
856890 33
856892 3
856893 33
856894 189
856896 86
856897 47
856900 39
856901 190
856902 5
856903 17
856904 66
856905 95
856906 37
856907 36
856908 21
856909 145
856910 45
856911 168
856912 69
856914 18
856916 32
856917 19
856918 34
856919 77
856920 151
856921 109
856922 155
856925 70
856926 118
856927 7
856930 28
856931 28
856932 26
856933 30
856934 260
856935 194
856936 24
856938 40
856939 137
856940 29
856941 131
856942 10
856944 1
856945 51
856946 136
856949 110
856950 71
856951 17
856952 21
856954 1
856955 33
856956 23
856957 171
856959 89
856960 49
856961 239
856962 239
856963 239
856965 262
856966 48
856967 137
856969 239
856970 39
856971 161
856972 196
856973 114
856974 28
856975 31
856976 86
856978 197
856979 66
856981 142
856982 30
856983 28
856985 46
856986 26
856987 20
856988 53
856989 199
856992 5
856993 169
856994 90
856996 9
856998 5
856999 38
857000 18
857001 49
857003 9
857004 66
857005 77
857006 12
857007 66
857008 83
857009 21
857010 0
857011 30
857012 1
857013 21
857014 143
857018 0
857019 37
857020 201
857022 173
857024 74
857025 196
857026 175
857027 60
857029 10
857031 202
857032 48
857033 204
857035 205
857036 10
857037 37
857038 26
857041 94
857042 39
857043 7
857044 44
857045 206
857046 30
857047 189
857048 67
857050 193
857051 86
857052 10
857053 92
857054 21
857055 37
857057 145
857059 26
857060 7
857061 26
857062 21
857064 118
857069 12
857070 26
857071 120
857072 37
857073 55
857074 194
857075 18
857076 33
857077 95
857078 38
857079 49
857080 122
857081 79
857083 26
857084 176
857085 3
857086 14
857088 66
857090 30
857091 55
857092 129
857094 22
857095 74
857096 21
857097 120
857098 143
857099 182
857101 95
857102 93
857103 176
857104 32
857105 186
857106 66
857107 249
857108 98
857110 110
857113 191
857114 26
857115 31
857118 208
857119 209
857120 9
857121 15
857122 15
857127 37
857128 119
857129 66
857130 13
857131 91
857132 188
857133 114
857135 38
857136 160
857137 173
857138 141
857139 3
857141 30
857142 30
857144 162
857145 9
857146 9
857147 209
857149 6
857150 59
857151 210
857152 211
857155 250
857156 144
857157 14
857158 106
857159 96
857160 170
857161 7
857167 126
857168 126
857169 52
857170 3
857172 11
857173 3
857174 144
857175 148
857176 70
857177 115
857178 212
857179 135
857181 16
857182 9
857183 163
857184 28
857185 12
857187 11
857188 184
857191 37
857192 97
857193 31
857196 33
857197 179
857200 170
857201 10
857202 3
857203 93
857204 10
857205 157
857206 33
857208 14
857209 19
857210 64
857211 53
857212 3
857213 42
857215 94
857216 78
857217 213
857218 32
857219 41
857220 96
857221 8
857222 242
857223 125
857224 45
857226 48
857227 254
857228 254
857229 7
857230 214
857231 214
857233 251
857234 162
857235 106
857236 148
857237 152
857238 215
857239 215
857242 45
857244 38
857245 136
857247 132
857248 44
857251 5
857253 9
857254 30
857255 198
857257 31
857258 114
857259 199
857260 0
857261 133
857264 53
857266 152
857269 251
857270 6
857272 37
857273 37
857274 171
857275 10
857278 51
857279 23
857280 216
857281 1
857282 120
857283 16
857284 93
857285 128
857286 183
857287 103
857288 23
857289 140
857290 218
857291 157
857294 34
857295 78
857296 137
857297 14
857298 211
857299 41
857300 18
857302 128
857303 66
857304 93
857305 11
857309 78
857310 21
857311 95
857312 37
857313 113
857314 1
857316 196
857317 130
857318 37
857320 1
857321 130
857322 1
857323 46
857325 1
857326 66
857327 169
857328 130
857329 130
857330 130
857332 50
857333 203
857334 5
857335 65
857336 37
857337 46
857339 10
857340 13
857341 21
857343 206
857344 21
857345 77
857346 202
857347 23
857349 96
857350 123
857352 9
857354 120
857356 31
857357 32
857359 168
857360 184
857361 140
857365 192
857367 128
857368 66
857369 78
857370 46
857375 10
857376 61
857378 29
857379 37
857381 38
857383 5
857385 10
857386 179
857389 21
857391 140
857392 28
857395 21
857396 1
857397 99
857398 41
857399 255
857400 212
857402 220
857404 89
857405 38
857407 72
857409 113
857410 168
857411 7
857412 66
857413 255
857414 28
857415 0
857416 145
857417 9
857420 256
857421 147
857422 37
857423 45
857424 65
857426 67
857428 5
857429 32
857430 200
857431 32
857432 146
857433 62
857434 193
857435 19
857437 10
857438 129
857439 85
857440 21
857441 191
857442 3
857443 37
857444 107
857445 21
857446 56
857447 187
857448 151
857449 9
857451 15
857453 20
857454 157
857455 5
857456 73
857457 1
857458 157
857459 49
857460 64
857461 51
857462 8
857463 135
857464 7
857465 46
857468 56
857469 38
857470 137
857471 103
857472 30
857474 15
857475 8
857477 143
857479 83
857480 24
857481 17
857482 7
857487 79
857488 164
857489 23
857492 17
857493 67
857495 38
857496 101
857497 45
857498 21
857499 30
857500 57
857502 46
857505 96
857506 213
857507 56
857508 38
857509 10
857510 28
857511 74
857513 123
857514 45
857516 190
857517 132
857518 14
857519 10
857521 56
857523 29
857524 194
857526 14
857527 162
857528 38
857529 243
857530 221
857531 222
857532 222
857533 222
857535 130
857536 180
857537 4
857538 162
857539 219
857541 34
857544 21
857548 45
857549 250
857551 8
857552 71
857554 210
857555 106
857558 13
857559 265
857560 70
857561 172
857564 89
857565 42
857567 49
857571 21
857572 24
857575 98
857577 158
857579 223
857580 112
857581 18
857582 97
857583 46
857584 49
857585 224
857587 9
857588 99
857590 53
857593 163
857595 54
857598 45
857599 98
857600 1
857601 222
857602 162
857603 226
857604 241
857605 40
857606 166
857607 37
857608 222
857609 222
857610 244
857611 221
857612 243
857614 113
857615 227
857618 157
857619 72
857622 37
857623 130
857624 39
857626 66
857629 135
857630 127
857631 112
857632 45
857633 40
857634 18
857635 89
857637 139
857638 124
857639 219
857640 130
857641 130
857644 64
857646 228
857647 21
857649 11
857651 245
857652 31
857653 207
857655 10
857656 178
857658 12
857659 70
857660 78
857661 46
857662 48
857664 172
857665 140
857666 58
857667 113
857668 15
857669 180
857670 223
857671 14
857672 78
857673 7
857675 223
857676 72
857679 55
857680 51
857681 11
857682 37
857684 21
857685 115
857686 256
857687 41
857688 183
857689 185
857690 170
857692 74
857693 257
857694 133
857696 252
857698 240
857699 68
857701 15
857703 70
857704 26
857705 122
857706 30
857707 50
857708 194
857710 134
857711 37
857713 145
857714 51
857715 49
857716 91
857717 36
857718 227
857719 72
857722 29
857723 174
857724 231
857725 128
857726 15
857730 182
857731 111
857732 49
857734 75
857735 136
857736 197
857739 219
857740 219
857741 219
857742 162
857743 232
857744 232
857745 75
857746 7
857750 10
857751 51
857752 66
857754 115
857757 53
857758 106
857759 8
857760 174
857761 132
857763 29
857765 233
857768 84
857769 17
857770 106
857771 44
857773 27
857776 32
857777 45
857778 107
857780 17
857781 17
857782 162
857783 24
857784 77
857785 181
857786 128
857790 145
857791 72
857792 42
857796 35
857799 220
857800 244
857801 9
857803 49
857804 222
857805 244
857806 222
857807 222
857808 182
857809 221
857810 222
857811 222
857812 222
857813 243
857814 222
857816 88
857817 212
857822 217
857823 170
857824 58
857826 10
857828 10
857829 24
857830 22
857832 70
857834 28
857836 157
857837 43
857838 71
857839 30
857841 67
857842 109
857843 183
857845 60
857846 232
857847 209
857849 183
857850 195
857851 180
857852 86
857854 78
857856 246
857857 246
857858 145
857859 24
857861 90
857862 23
857863 95
857864 45
857865 178
857866 24
857867 25
857868 186
857870 258
857871 115
857873 183
857874 258
857875 23
857879 132
857880 25
857881 263
857882 50
857883 139
857885 211
857886 45
857888 198
857889 90
857893 191
857894 202
857895 168
857896 149
857897 234
857899 21
857900 101
857901 81
857902 88
857904 31
857905 31
857906 31
857907 225
857909 47
857911 56
857912 56
857913 9
857914 15
857915 38
857917 149
857918 124
857919 17
857920 77
857921 53
857922 33
857925 51
857926 233
857929 170
857930 44
857932 17
857934 261
857935 22
857937 29
857938 207
857939 44
857940 66
857941 186
857945 3
857947 107
857948 5
857949 148
857950 15
857951 22
857952 3
857954 86
857955 97
857958 252
857960 161
857961 7
857962 141
857963 120
857964 263
857966 181
857967 135
857968 142
857970 188
857971 188
857972 1
857973 37
857974 96
857976 10
857978 172
857979 70
857980 94
857981 236
857982 38
857983 101
857984 134
857985 118
857986 198
857989 116
857990 147
857991 93
857992 90
857994 37
857995 211
857996 224
858000 120
858001 66
858002 9
858003 23
858004 235
858005 235
858007 80
858010 83
858011 21
858012 87
858014 22
858015 67
858016 38
858017 21
858018 102
858022 78
858023 155
858024 32
858026 16
858027 231
858028 11
858029 37
858030 53
858033 237
858036 257
858037 170
858040 117
858041 74
858043 268
858045 192
858046 44
858047 86
858050 51
858052 56
858054 39
858055 135
858056 205
858057 237
858058 178
858059 30
858060 131
858063 120
858066 110
858068 84
858069 146
858071 193
858073 66
858076 153
858077 76
858078 204
858079 18
858080 153
858081 260
858082 145
858084 162
858085 108
858086 100
858087 170
858090 172
858091 23
858092 44
858093 81
858095 217
858096 170
858097 63
858098 106
858099 44
858100 104
858101 9
858103 13
858109 238
858111 62
858112 49
858113 148
858114 234
858115 33
858118 168
858119 9
858120 116
858121 120
858122 3
858123 111
858124 14
858129 77
858130 53
858131 80
858133 116
858136 60
858137 86
858138 108
858139 86
858141 184
858142 193
858143 5
858144 253
858146 131
858147 0
858149 101
858150 38
858152 120
858153 1
858155 38
858156 73
858158 67
858159 136
858160 187
858163 33
858164 38
858167 77
858169 116
858170 70
858172 226
858174 216
858175 13
858177 212
858178 32
858179 46
858182 153
858183 123
858184 106
858186 37
858187 17
858190 52
858191 134
858193 45
858195 71
858197 238
858198 9
858200 150
858203 138
858204 15
858207 21
858208 169
858209 90
858210 6
858211 259
858212 53
858213 95
858214 45
858216 64
858218 26
858221 67
858222 54
858223 173
858224 106
858226 18
858227 71
858228 45
858229 136
858230 225
858232 208
858234 71
858235 17
858236 86
858238 74
858243 37
858250 44
858251 115
858252 228
858254 155
858256 266
858259 236
858260 56
858261 139
858262 66
858263 155
858265 15
858266 187
858267 83
858268 2
858269 64
858271 249
858273 230
858274 242
858276 37
858279 115
858280 36
858281 15
858283 176
858284 176
858285 69
858286 87
858289 1
858290 218
858292 264
858294 77
858296 145
858299 44
858301 203
858304 39
858305 230
858309 195
858311 247
858315 94
858317 74
858318 185
858319 264
858320 1
858321 53
858322 101
858323 95
858324 51
858325 10
858326 5
858327 46
858329 253
858330 22
858331 95
858332 200
858333 98
858334 5
858335 247
858336 37
858337 37
858339 93
858340 17
858341 13
858342 118
858343 15
858345 9
858347 64
858349 224
858350 158
858353 128
858355 86
858356 18
858357 33
858358 30
858361 180
858362 200
858363 112
858364 66
858365 201
858366 15
858368 7
858369 37
858373 267
858374 121
858375 121
858377 265
858379 4
858381 266
858382 79
858383 8
858384 8
858385 177
858386 24
858387 229
858389 104
858391 23
858392 129
858393 51
858394 162
858395 62
858396 14
858397 104
858398 120
858399 268
858400 76
858401 245
858402 109
858404 93
858405 37
858406 43
858408 248
858410 26
858411 104
858412 130
858413 142
858415 248
858416 3
858417 102
858418 104
858419 13
858420 180
858425 8
858427 105
858428 8
858429 267
858430 261
858431 185
858433 51
858434 77
858437 105
858440 229
