856559 0
856560 8
856561 0
856562 22
856563 11
856564 15
856567 21
856570 33
856571 7
856572 40
856573 41
856574 52
856575 53
856577 9
856578 54
856579 9
856580 33
856581 7
856582 60
856583 8
856584 9
856585 1
856587 63
856589 55
856590 67
856591 58
856592 69
856594 15
856595 7
856596 65
856597 1
856600 2
856601 79
856602 80
856603 81
856604 68
856605 83
856607 12
856608 84
856609 85
856610 87
856612 55
856614 55
856615 88
856617 9
856618 7
856620 89
856621 7
856622 60
856623 7
856624 7
856625 9
856626 7
856627 9
856628 86
856629 3
856630 93
856631 68
856633 33
856634 1
856637 84
856638 9
856639 32
856640 247
856641 103
856642 11
856643 9
856644 105
856645 8
856647 7
856649 6
856650 7
856651 58
856652 15
856653 106
856656 93
856657 76
856658 7
856659 117
856660 119
856661 120
856662 9
856663 112
856665 4
856666 42
856667 55
856668 11
856669 125
856670 9
856671 7
856672 7
856673 25
856674 114
856678 15
856679 6
856680 7
856681 127
856682 127
856684 126
856685 33
856686 132
856687 107
856688 38
856690 8
856691 2
856692 9
856693 6
856696 9
856697 87
856698 26
856699 0
856700 9
856701 7
856702 137
856703 32
856704 27
856705 88
856706 49
856707 21
856708 70
856709 64
856710 8
856711 48
856712 130
856713 110
856714 144
856715 41
856716 84
856717 7
856719 147
856720 64
856722 9
856725 148
856726 9
856727 1
856728 150
856729 150
856730 56
856731 129
856732 151
856733 12
856734 9
856736 7
856737 11
856738 134
856739 10
856740 7
856741 157
856742 157
856743 157
856744 59
856747 7
856748 159
856749 11
856750 30
856751 23
856752 15
856754 7
856755 161
856756 58
856757 258
856758 1
856759 7
856760 159
856761 261
856764 7
856765 68
856766 12
856767 48
856768 9
856770 4
856771 9
856773 43
856774 7
856775 11
856777 100
856778 10
856779 57
856780 15
856781 165
856782 121
856783 155
856784 166
856785 155
856786 168
856787 12
856788 126
856789 239
856790 168
856794 122
856796 7
856797 4
856798 101
856799 54
856800 141
856801 112
856802 3
856803 24
856804 10
856805 10
856806 5
856807 171
856808 73
856809 172
856811 111
856812 28
856813 43
856814 84
856815 42
856816 7
856817 173
856819 247
856820 6
856823 157
856824 154
856825 15
856826 240
856827 82
856828 7
856829 65
856830 9
856831 94
856832 138
856833 7
856834 85
856836 54
856837 162
856839 64
856840 33
856841 12
856842 120
856843 9
856844 0
856845 9
856846 69
856848 12
856851 165
856852 93
856855 179
856856 159
856857 8
856858 1
856859 153
856861 9
856863 35
856869 181
856870 69
856871 181
856872 118
856874 62
856875 60
856876 30
856878 9
856880 43
856881 170
856882 170
856884 138
856885 167
856886 114
856887 15
856889 117
856890 15
856892 3
856893 15
856894 185
856896 186
856897 44
856900 7
856901 43
856902 71
856903 15
856904 144
856905 43
856906 7
856907 3
856908 7
856909 143
856910 41
856911 122
856912 12
856914 1
856916 32
856917 17
856918 20
856919 7
856920 152
856921 107
856922 156
856925 68
856926 189
856927 8
856930 27
856931 27
856932 11
856933 30
856934 259
856935 190
856936 23
856938 35
856939 136
856940 28
856941 130
856942 9
856944 58
856945 7
856946 135
856949 108
856950 70
856951 15
856952 7
856954 55
856955 15
856956 21
856957 170
856959 84
856960 48
856961 238
856962 238
856963 238
856965 261
856966 45
856967 136
856969 238
856970 7
856971 162
856972 192
856973 112
856974 27
856975 31
856976 186
856978 193
856979 66
856981 140
856982 9
856983 27
856985 187
856986 11
856987 18
856988 54
856989 195
856992 71
856993 40
856994 85
856996 102
856998 71
856999 7
857000 0
857001 48
857003 9
857004 66
857005 7
857006 10
857007 66
857008 78
857009 7
857010 7
857011 30
857012 1
857013 7
857014 141
857018 0
857019 65
857020 197
857022 172
857024 182
857025 192
857026 173
857027 61
857029 9
857031 198
857032 45
857033 199
857035 200
857036 9
857037 7
857038 11
857041 89
857042 7
857043 76
857044 40
857045 202
857046 63
857047 185
857048 63
857050 50
857051 188
857052 9
857053 88
857054 7
857055 36
857057 143
857059 11
857060 9
857061 11
857062 126
857064 117
857069 38
857070 201
857071 120
857072 65
857073 58
857074 123
857075 160
857076 154
857077 122
857078 7
857079 48
857080 42
857081 76
857083 201
857084 175
857085 3
857086 64
857088 66
857090 30
857091 58
857092 127
857094 19
857095 73
857096 7
857097 120
857098 141
857099 7
857101 43
857102 205
857103 175
857104 32
857105 9
857106 66
857107 248
857108 7
857110 108
857113 122
857114 29
857115 31
857118 31
857119 74
857120 101
857121 13
857122 13
857127 7
857128 119
857129 66
857130 12
857131 87
857132 117
857133 112
857135 7
857136 161
857137 172
857138 139
857139 3
857141 64
857142 30
857144 144
857145 9
857146 9
857147 74
857149 6
857150 60
857151 207
857152 208
857155 249
857156 142
857157 110
857158 126
857159 122
857160 169
857161 1
857167 99
857168 99
857169 53
857170 3
857172 76
857173 3
857174 142
857175 149
857176 8
857177 113
857178 209
857179 134
857181 14
857182 9
857183 164
857184 27
857185 10
857187 115
857188 179
857191 7
857192 91
857193 31
857196 15
857197 121
857200 169
857201 9
857202 3
857203 7
857204 9
857205 7
857206 15
857208 11
857209 17
857210 69
857211 54
857212 2
857213 7
857215 146
857216 66
857217 210
857218 32
857219 7
857220 48
857221 136
857222 57
857223 125
857224 41
857226 42
857227 253
857228 253
857229 9
857230 211
857231 211
857233 250
857234 66
857235 84
857236 149
857237 10
857238 39
857239 39
857242 41
857244 7
857245 135
857247 131
857248 40
857251 71
857253 9
857254 7
857255 194
857257 31
857258 112
857259 195
857260 20
857261 132
857264 54
857266 10
857269 250
857270 6
857272 37
857273 37
857274 170
857275 9
857278 52
857279 9
857280 212
857281 55
857282 120
857283 14
857284 205
857285 15
857286 37
857287 97
857288 21
857289 4
857290 215
857291 7
857294 33
857295 174
857296 136
857297 11
857298 208
857299 7
857300 160
857302 15
857303 66
857304 7
857305 115
857309 12
857310 7
857311 122
857312 7
857313 94
857314 1
857316 192
857317 128
857318 7
857320 1
857321 128
857322 1
857323 46
857325 1
857326 180
857327 4
857328 128
857329 128
857330 128
857332 50
857333 198
857334 71
857335 12
857336 37
857337 90
857339 9
857340 1
857341 7
857343 202
857344 7
857345 7
857346 198
857347 21
857349 146
857350 217
857352 11
857354 57
857356 31
857357 32
857359 122
857360 179
857361 214
857365 20
857367 32
857368 66
857369 1
857370 46
857375 9
857376 62
857378 28
857379 37
857381 7
857383 71
857385 9
857386 121
857389 19
857391 214
857392 27
857395 19
857396 55
857397 92
857398 7
857399 254
857400 209
857402 218
857404 84
857405 7
857407 72
857409 180
857410 122
857411 8
857412 66
857413 254
857414 27
857415 1
857416 143
857417 102
857420 255
857421 147
857422 7
857423 47
857424 63
857426 129
857428 153
857429 32
857430 196
857431 32
857432 145
857433 60
857434 50
857435 17
857437 9
857438 127
857439 80
857440 7
857441 49
857442 3
857443 37
857444 103
857445 7
857446 7
857447 184
857448 152
857449 9
857451 13
857453 18
857454 7
857455 153
857456 72
857457 188
857458 7
857459 48
857460 69
857461 52
857462 8
857463 134
857464 7
857465 43
857468 7
857469 7
857470 136
857471 97
857472 30
857474 8
857475 153
857477 41
857479 78
857480 24
857481 15
857482 1
857487 68
857488 100
857489 21
857492 15
857493 134
857495 7
857496 94
857497 42
857498 7
857499 30
857500 59
857502 45
857505 48
857506 210
857507 15
857508 7
857509 9
857510 27
857511 181
857513 123
857514 49
857516 130
857517 131
857518 11
857519 9
857521 7
857523 28
857524 123
857526 11
857527 66
857528 7
857529 241
857530 220
857531 221
857532 221
857533 221
857535 128
857536 176
857537 4
857538 144
857539 216
857541 8
857544 7
857548 41
857549 249
857551 153
857552 70
857554 207
857555 126
857558 12
857559 264
857560 68
857561 171
857564 84
857565 38
857567 48
857571 7
857572 105
857575 144
857577 158
857579 52
857580 64
857581 95
857582 91
857583 46
857584 48
857585 222
857587 9
857588 92
857590 54
857593 164
857595 56
857598 49
857599 109
857600 55
857601 221
857602 66
857603 224
857604 240
857605 35
857606 166
857607 7
857608 221
857609 221
857610 242
857611 220
857612 241
857614 180
857615 225
857618 7
857619 160
857622 66
857623 128
857624 226
857626 66
857629 134
857630 114
857631 111
857632 47
857633 35
857634 1
857635 84
857637 32
857638 124
857639 216
857640 128
857641 128
857644 69
857646 227
857647 7
857649 10
857651 243
857652 31
857653 203
857655 9
857656 9
857658 127
857659 8
857660 1
857661 122
857662 7
857664 171
857665 214
857666 7
857667 180
857668 167
857669 176
857670 52
857671 11
857672 99
857673 8
857675 52
857676 93
857679 58
857680 52
857681 10
857682 7
857684 7
857685 113
857686 255
857687 7
857688 37
857689 183
857690 169
857692 73
857693 256
857694 132
857696 251
857698 239
857699 67
857701 13
857703 8
857704 29
857705 187
857706 30
857707 50
857708 190
857710 133
857711 37
857713 143
857714 52
857715 48
857716 87
857717 34
857718 225
857719 93
857722 28
857723 38
857724 230
857725 15
857726 13
857730 177
857731 31
857732 48
857734 72
857735 135
857736 193
857739 216
857740 216
857741 216
857742 37
857743 231
857744 231
857745 72
857746 86
857750 9
857751 52
857752 66
857754 113
857757 57
857758 4
857759 8
857760 38
857761 131
857763 28
857765 232
857768 79
857769 74
857770 126
857771 66
857773 26
857776 32
857777 51
857778 103
857780 15
857781 15
857782 66
857783 105
857784 7
857785 9
857786 32
857790 143
857791 93
857792 38
857796 8
857799 218
857800 242
857801 9
857803 48
857804 221
857805 242
857806 221
857807 221
857808 177
857809 220
857810 221
857811 221
857812 221
857813 241
857814 221
857816 4
857817 209
857822 213
857823 169
857824 7
857826 9
857828 9
857829 23
857830 19
857832 68
857834 27
857836 7
857837 39
857838 70
857839 30
857841 63
857842 107
857843 178
857845 9
857846 231
857847 74
857849 178
857850 191
857851 102
857852 82
857854 66
857856 244
857857 244
857858 144
857859 114
857861 85
857862 21
857863 90
857864 49
857865 9
857866 22
857867 25
857868 9
857870 257
857871 113
857873 178
857874 257
857875 21
857879 131
857880 25
857881 262
857882 122
857883 138
857885 208
857886 51
857888 194
857889 85
857893 49
857894 198
857895 122
857896 150
857897 233
857899 7
857900 94
857901 77
857902 20
857904 31
857905 31
857906 31
857907 223
857909 44
857911 7
857912 7
857913 9
857914 13
857915 7
857917 150
857918 124
857919 219
857920 185
857921 54
857922 15
857925 52
857926 232
857929 169
857930 40
857932 219
857934 260
857935 19
857937 28
857938 203
857939 40
857940 66
857941 9
857945 3
857947 103
857948 71
857949 149
857950 13
857951 19
857952 3
857954 186
857955 91
857958 251
857960 12
857961 8
857962 139
857963 120
857964 262
857966 9
857967 134
857968 140
857970 206
857971 206
857972 55
857973 37
857974 122
857976 136
857978 171
857979 58
857980 89
857981 235
857982 7
857983 94
857984 133
857985 189
857986 194
857989 116
857990 11
857991 15
857992 85
857994 7
857995 208
857996 222
858000 120
858001 19
858002 9
858003 21
858004 234
858005 234
858007 35
858010 78
858011 7
858012 83
858014 9
858015 63
858016 7
858017 7
858018 96
858022 174
858023 156
858024 32
858026 14
858027 230
858028 7
858029 7
858030 54
858033 236
858036 256
858037 169
858040 118
858041 181
858043 267
858045 20
858046 66
858047 82
858050 52
858052 7
858054 226
858055 134
858056 200
858057 236
858058 9
858059 30
858060 130
858063 120
858066 108
858068 79
858069 145
858071 50
858073 144
858076 154
858077 75
858078 199
858079 1
858080 154
858081 259
858082 143
858084 163
858085 104
858086 93
858087 169
858090 171
858091 21
858092 66
858093 77
858095 213
858096 169
858097 9
858098 4
858099 66
858100 98
858101 9
858103 12
858109 237
858111 81
858112 122
858113 149
858114 233
858115 15
858118 122
858119 102
858120 116
858121 120
858122 3
858123 31
858124 11
858129 7
858130 54
858131 35
858133 116
858136 61
858137 82
858138 104
858139 82
858141 179
858142 30
858143 153
858144 252
858146 130
858147 0
858149 94
858150 7
858152 120
858153 64
858155 7
858156 72
858158 129
858159 135
858160 184
858163 15
858164 7
858167 7
858169 116
858170 68
858172 224
858174 212
858175 12
858177 209
858178 32
858179 43
858182 154
858183 217
858184 126
858186 7
858187 15
858190 53
858191 133
858193 41
858195 70
858197 237
858198 9
858200 151
858203 137
858204 13
858207 7
858208 4
858209 85
858210 6
858211 258
858212 54
858213 43
858214 41
858216 69
858218 11
858221 63
858222 56
858223 172
858224 84
858226 160
858227 5
858228 47
858229 135
858230 223
858232 91
858234 5
858235 86
858236 82
858238 182
858243 7
858250 40
858251 113
858252 227
858254 156
858256 265
858259 235
858260 7
858261 138
858262 144
858263 188
858265 13
858266 184
858267 78
858268 2
858269 69
858271 248
858273 229
858274 57
858276 7
858279 113
858280 34
858281 13
858283 204
858284 204
858285 67
858286 83
858289 94
858290 215
858292 263
858294 7
858296 143
858299 40
858301 198
858304 7
858305 229
858309 191
858311 245
858315 89
858317 4
858318 183
858319 263
858320 188
858321 54
858322 94
858323 100
858324 7
858325 9
858326 153
858327 43
858329 252
858330 19
858331 43
858332 196
858333 109
858334 71
858335 245
858336 37
858337 37
858339 205
858340 106
858341 12
858342 189
858343 13
858345 9
858347 69
858349 222
858350 158
858353 15
858355 82
858356 95
858357 175
858358 63
858361 176
858362 196
858363 111
858364 66
858365 197
858366 13
858368 8
858369 7
858373 266
858374 148
858375 148
858377 264
858379 123
858381 265
858382 9
858383 16
858384 16
858385 138
858386 106
858387 228
858389 98
858391 21
858392 127
858393 7
858394 163
858395 60
858396 5
858397 98
858398 54
858399 267
858400 75
858401 243
858402 107
858404 205
858405 36
858406 39
858408 246
858410 11
858411 98
858412 128
858413 140
858415 246
858416 3
858417 96
858418 98
858419 12
858420 176
858425 16
858427 33
858428 16
858429 266
858430 260
858431 183
858433 52
858434 185
858437 33
858440 228
