856559 0
856560 10
856561 1
856562 23
856563 27
856564 33
856567 21
856570 36
856571 12
856572 37
856573 42
856574 53
856575 54
856577 2
856578 55
856579 2
856580 36
856581 60
856582 63
856583 36
856584 2
856585 2
856587 2
856589 56
856590 67
856591 6
856592 70
856594 37
856595 39
856596 2
856597 6
856600 3
856601 84
856602 85
856603 86
856604 87
856605 89
856607 14
856608 91
856609 10
856610 92
856612 56
856614 56
856615 93
856617 2
856618 12
856620 50
856621 18
856622 64
856623 12
856624 53
856625 2
856626 12
856627 2
856628 13
856629 4
856630 100
856631 69
856633 36
856634 79
856637 91
856638 2
856639 95
856640 82
856641 112
856642 27
856643 2
856644 114
856645 11
856647 61
856649 66
856650 96
856651 15
856652 34
856653 115
856656 102
856657 13
856658 12
856659 126
856660 128
856661 129
856662 2
856663 123
856665 2
856666 43
856667 56
856668 15
856669 134
856670 2
856671 135
856672 12
856673 26
856674 136
856678 137
856679 66
856680 12
856681 140
856682 140
856684 50
856685 36
856686 144
856687 117
856688 145
856690 9
856691 82
856692 2
856693 66
856696 2
856697 92
856698 28
856699 5
856700 2
856701 12
856702 124
856703 4
856704 27
856705 93
856706 49
856707 21
856708 71
856709 2
856710 11
856711 50
856712 142
856713 119
856714 37
856715 42
856716 94
856717 192
856719 152
856720 128
856722 14
856725 130
856726 2
856727 6
856728 154
856729 154
856730 57
856731 140
856732 155
856733 66
856734 2
856736 12
856737 15
856738 145
856739 10
856740 12
856741 161
856742 161
856743 161
856744 60
856747 12
856748 163
856749 13
856750 11
856751 24
856752 34
856754 12
856755 164
856756 120
856757 263
856758 88
856759 12
856760 163
856761 266
856764 12
856765 69
856766 14
856767 90
856768 2
856770 1
856771 2
856773 44
856774 12
856775 15
856777 108
856778 10
856779 58
856780 24
856781 167
856782 130
856783 159
856784 168
856785 159
856786 170
856787 14
856788 139
856789 244
856790 170
856794 171
856796 12
856797 6
856798 110
856799 129
856800 142
856801 123
856802 6
856803 25
856804 158
856805 158
856806 7
856807 176
856808 73
856809 178
856811 121
856812 29
856813 50
856814 166
856815 46
856816 12
856817 181
856819 82
856820 8
856823 161
856824 182
856825 10
856826 245
856827 88
856828 12
856829 2
856830 2
856831 101
856832 116
856833 12
856834 10
856836 129
856837 120
856839 31
856840 36
856841 14
856842 129
856843 2
856844 1
856845 2
856846 70
856848 14
856851 167
856852 100
856855 177
856856 163
856857 11
856858 56
856859 12
856861 2
856863 80
856869 105
856870 70
856871 73
856872 126
856874 65
856875 63
856876 31
856878 2
856880 44
856881 174
856882 174
856884 183
856885 169
856886 136
856887 34
856889 127
856890 34
856892 29
856893 34
856894 190
856896 175
856897 42
856900 12
856901 191
856902 10
856903 10
856904 37
856905 180
856906 192
856907 4
856908 12
856909 150
856910 45
856911 171
856912 68
856914 6
856916 147
856917 2
856918 36
856919 12
856920 156
856921 117
856922 160
856925 69
856926 189
856927 9
856930 27
856931 27
856932 15
856933 31
856934 264
856935 196
856936 24
856938 37
856939 146
856940 29
856941 142
856942 2
856944 5
856945 53
856946 127
856949 118
856950 71
856951 37
856952 12
856954 56
856955 95
856956 21
856957 174
856959 91
856960 90
856961 0
856962 0
856963 0
856965 266
856966 46
856967 146
856969 0
856970 12
856971 185
856972 198
856973 123
856974 27
856975 32
856976 175
856978 199
856979 37
856981 148
856982 2
856983 27
856985 46
856986 15
856987 19
856988 55
856989 201
856992 7
856993 99
856994 184
856996 111
856998 7
856999 12
857000 4
857001 90
857003 2
857004 37
857005 12
857006 10
857007 37
857008 83
857009 12
857010 1
857011 31
857012 2
857013 12
857014 172
857018 0
857019 77
857020 203
857022 178
857024 187
857025 198
857026 181
857027 64
857029 2
857031 204
857032 46
857033 206
857035 207
857036 2
857037 38
857038 31
857041 50
857042 12
857043 9
857044 37
857045 208
857046 2
857047 190
857048 2
857050 51
857051 209
857052 2
857053 93
857054 12
857055 12
857057 150
857059 15
857060 9
857061 15
857062 12
857064 127
857069 10
857070 31
857071 129
857072 77
857073 131
857074 197
857075 193
857076 182
857077 108
857078 12
857079 48
857080 43
857081 81
857083 31
857084 10
857085 4
857086 22
857088 37
857090 31
857091 59
857092 140
857094 20
857095 10
857096 12
857097 129
857098 172
857099 39
857101 108
857102 212
857103 10
857104 33
857105 2
857106 37
857107 253
857108 96
857110 118
857113 45
857114 30
857115 32
857118 213
857119 75
857120 110
857121 6
857122 6
857127 12
857128 128
857129 37
857130 6
857131 92
857132 127
857133 123
857135 12
857136 164
857137 178
857138 2
857139 4
857141 22
857142 31
857144 37
857145 2
857146 2
857147 75
857149 8
857150 63
857151 214
857152 215
857155 254
857156 149
857157 119
857158 37
857159 171
857160 173
857161 9
857167 135
857168 135
857169 54
857170 4
857172 13
857173 4
857174 149
857175 153
857176 11
857177 124
857178 216
857179 157
857181 16
857182 30
857183 165
857184 27
857185 10
857187 13
857188 177
857191 39
857192 64
857193 32
857196 34
857197 186
857200 173
857201 2
857202 4
857203 39
857204 2
857205 12
857206 34
857208 15
857209 194
857210 70
857211 55
857212 3
857213 41
857215 94
857216 107
857217 217
857218 33
857219 12
857220 50
857221 146
857222 246
857223 134
857224 42
857226 46
857227 258
857228 258
857229 2
857230 218
857231 218
857233 255
857234 37
857235 109
857236 153
857237 158
857238 12
857239 12
857242 49
857244 12
857245 127
857247 143
857248 37
857251 7
857253 2
857254 31
857255 200
857257 32
857258 123
857259 201
857260 1
857261 144
857264 55
857266 158
857269 255
857270 66
857272 39
857273 39
857274 174
857275 2
857278 53
857279 2
857280 219
857281 56
857282 129
857283 16
857284 39
857285 138
857286 221
857287 104
857288 21
857289 27
857290 222
857291 12
857294 36
857295 107
857296 146
857297 131
857298 215
857299 12
857300 177
857302 136
857303 37
857304 39
857305 13
857309 5
857310 12
857311 108
857312 39
857313 122
857314 56
857316 198
857317 141
857318 39
857320 22
857321 141
857322 2
857323 142
857325 2
857326 80
857327 99
857328 141
857329 141
857330 141
857332 51
857333 204
857334 10
857335 66
857336 39
857337 50
857339 2
857340 14
857341 12
857343 208
857344 12
857345 12
857346 205
857347 21
857349 208
857350 224
857352 2
857354 58
857356 32
857357 99
857359 171
857360 177
857361 66
857365 195
857367 147
857368 97
857369 66
857370 47
857375 2
857376 65
857378 35
857379 37
857381 12
857383 10
857385 2
857386 186
857389 20
857391 66
857392 27
857395 12
857396 56
857397 98
857398 97
857399 259
857400 216
857402 225
857404 91
857405 12
857407 72
857409 122
857410 171
857411 11
857412 37
857413 259
857414 27
857415 22
857416 150
857417 111
857420 260
857421 152
857422 39
857423 48
857424 2
857426 140
857428 7
857429 147
857430 202
857431 147
857432 151
857433 63
857434 51
857435 194
857437 2
857438 140
857439 85
857440 12
857441 45
857442 4
857443 39
857444 112
857445 12
857446 12
857447 45
857448 156
857449 2
857451 18
857453 19
857454 12
857455 7
857456 72
857457 5
857458 12
857459 90
857460 78
857461 53
857462 10
857463 157
857464 12
857465 44
857468 61
857469 4
857470 146
857471 104
857472 11
857474 11
857475 35
857477 45
857479 83
857480 25
857481 10
857482 72
857487 69
857488 166
857489 21
857492 10
857493 157
857495 12
857496 66
857497 43
857498 12
857499 31
857500 60
857502 46
857505 50
857506 217
857507 34
857508 12
857509 2
857510 27
857511 73
857513 132
857514 42
857516 191
857517 143
857518 15
857519 2
857521 61
857523 29
857524 197
857526 15
857527 37
857528 12
857529 247
857530 227
857531 228
857532 228
857533 228
857535 141
857536 2
857537 6
857538 37
857539 223
857541 36
857544 12
857548 49
857549 254
857551 17
857552 71
857554 214
857555 139
857558 8
857559 269
857560 69
857561 176
857564 91
857565 78
857567 50
857571 12
857572 116
857575 37
857577 162
857579 230
857580 31
857581 83
857582 64
857583 142
857584 50
857585 231
857587 14
857588 98
857590 55
857593 165
857595 57
857598 42
857599 37
857600 56
857601 228
857602 37
857603 233
857604 245
857605 37
857606 168
857607 38
857608 228
857609 228
857610 248
857611 227
857612 247
857614 122
857615 234
857618 12
857619 11
857622 37
857623 141
857624 235
857626 37
857629 145
857630 136
857631 121
857632 48
857633 37
857634 6
857635 91
857637 116
857638 132
857639 223
857640 141
857641 141
857644 70
857646 236
857647 12
857649 10
857651 249
857652 32
857653 210
857655 2
857656 41
857658 10
857659 11
857660 66
857661 90
857662 46
857664 176
857665 66
857666 62
857667 122
857668 169
857669 229
857670 230
857671 133
857672 107
857673 11
857675 230
857676 102
857679 59
857680 53
857681 10
857682 40
857684 12
857685 124
857686 260
857687 12
857688 221
857689 188
857690 173
857692 73
857693 261
857694 144
857696 256
857698 244
857699 67
857701 18
857703 11
857704 30
857705 191
857706 31
857707 51
857708 196
857710 117
857711 37
857713 150
857714 53
857715 50
857716 92
857717 36
857718 234
857719 102
857722 29
857723 179
857724 2
857725 137
857726 18
857730 81
857731 96
857732 50
857734 74
857735 127
857736 199
857739 223
857740 223
857741 223
857742 37
857743 237
857744 237
857745 74
857746 11
857750 2
857751 53
857752 37
857754 124
857757 58
857758 145
857759 10
857760 179
857761 143
857763 29
857765 238
857768 84
857769 75
857770 31
857771 37
857773 28
857776 116
857777 52
857778 112
857780 37
857781 37
857782 37
857783 114
857784 12
857785 2
857786 147
857790 150
857791 102
857792 41
857796 11
857799 225
857800 248
857801 2
857803 90
857804 228
857805 248
857806 228
857807 228
857808 81
857809 227
857810 228
857811 228
857812 228
857813 247
857814 228
857816 30
857817 216
857822 220
857823 173
857824 62
857826 2
857828 2
857829 24
857830 20
857832 69
857834 27
857836 12
857837 12
857838 71
857839 31
857841 2
857842 117
857843 81
857845 2
857846 237
857847 75
857849 81
857850 95
857851 229
857852 88
857854 37
857856 250
857857 250
857858 37
857859 77
857861 184
857862 21
857863 180
857864 49
857865 41
857866 23
857867 26
857868 29
857870 262
857871 124
857873 81
857874 262
857875 21
857879 143
857880 124
857881 267
857882 51
857883 31
857885 215
857886 52
857888 47
857889 10
857893 46
857894 205
857895 171
857896 154
857897 239
857899 12
857900 101
857901 6
857902 2
857904 32
857905 32
857906 32
857907 232
857909 142
857911 12
857912 61
857913 2
857914 18
857915 12
857917 154
857918 132
857919 226
857920 12
857921 55
857922 95
857925 53
857926 238
857929 173
857930 37
857932 226
857934 265
857935 20
857937 78
857938 210
857939 37
857940 37
857941 2
857945 4
857947 112
857948 7
857949 153
857950 6
857951 79
857952 4
857954 175
857955 64
857958 256
857960 185
857961 11
857962 2
857963 129
857964 267
857966 2
857967 157
857968 148
857970 127
857971 127
857972 56
857973 39
857974 171
857976 146
857978 176
857979 6
857980 94
857981 240
857982 12
857983 101
857984 117
857985 189
857986 200
857989 125
857990 133
857991 141
857992 184
857994 39
857995 215
857996 231
858000 129
858001 79
858002 2
858003 21
858004 78
858005 78
858007 80
858010 83
858011 12
858012 89
858014 30
858015 2
858016 12
858017 12
858018 103
858022 107
858023 160
858024 95
858026 16
858027 2
858028 12
858029 12
858030 55
858033 241
858036 261
858037 173
858040 189
858041 73
858043 272
858045 195
858046 37
858047 88
858050 53
858052 12
858054 235
858055 157
858056 207
858057 241
858058 2
858059 31
858060 142
858063 129
858066 118
858068 84
858069 151
858071 51
858073 37
858076 10
858077 1
858078 206
858079 80
858080 242
858081 264
858082 150
858084 35
858085 113
858086 100
858087 173
858090 176
858091 21
858092 37
858093 6
858095 220
858096 173
858097 2
858098 99
858099 37
858100 105
858101 2
858103 14
858109 243
858111 86
858112 50
858113 153
858114 239
858115 34
858118 171
858119 111
858120 125
858121 129
858122 4
858123 96
858124 15
858129 12
858130 55
858131 11
858133 125
858136 64
858137 88
858138 113
858139 88
858141 177
858142 31
858143 17
858144 257
858146 142
858147 1
858149 101
858150 12
858152 129
858153 22
858155 12
858156 72
858158 140
858159 127
858160 44
858163 34
858164 12
858167 12
858169 125
858170 69
858172 233
858174 219
858175 14
858177 216
858178 127
858179 44
858182 242
858183 224
858184 50
858186 12
858187 37
858190 54
858191 117
858193 42
858195 71
858197 243
858198 2
858200 155
858203 173
858204 6
858207 12
858208 99
858209 184
858210 66
858211 263
858212 55
858213 108
858214 42
858216 70
858218 15
858221 2
858222 57
858223 178
858224 109
858226 193
858227 76
858228 48
858229 127
858230 232
858232 213
858234 76
858235 10
858236 175
858238 187
858243 192
858250 37
858251 124
858252 236
858254 160
858256 270
858259 240
858260 61
858261 116
858262 37
858263 5
858265 18
858266 94
858267 83
858268 3
858269 70
858271 253
858273 40
858274 246
858276 12
858279 124
858280 36
858281 18
858283 211
858284 211
858285 68
858286 89
858289 5
858290 222
858292 268
858294 12
858296 150
858299 37
858301 204
858304 12
858305 40
858309 95
858311 251
858315 50
858317 73
858318 188
858319 268
858320 209
858321 55
858322 101
858323 45
858324 53
858325 2
858326 7
858327 44
858329 257
858330 20
858331 108
858332 202
858333 37
858334 7
858335 251
858336 39
858337 39
858339 212
858340 115
858341 6
858342 189
858343 18
858345 12
858347 78
858349 231
858350 162
858353 138
858355 88
858356 83
858357 34
858358 2
858361 229
858362 202
858363 121
858364 37
858365 203
858366 18
858368 11
858369 39
858373 271
858374 130
858375 130
858377 269
858379 6
858381 270
858382 87
858383 17
858384 17
858385 183
858386 115
858387 32
858389 105
858391 35
858392 140
858393 12
858394 120
858395 63
858396 15
858397 105
858398 129
858399 272
858400 1
858401 249
858402 117
858404 212
858405 34
858406 12
858408 252
858410 15
858411 105
858412 141
858413 148
858415 252
858416 4
858417 103
858418 105
858419 14
858420 229
858425 17
858427 106
858428 17
858429 271
858430 265
858431 188
858433 53
858434 12
858437 106
858440 32
