856559 0
856560 8
856561 1
856562 22
856563 25
856564 30
856567 10
856570 32
856571 11
856572 18
856573 42
856574 47
856575 48
856577 49
856578 50
856579 14
856580 33
856581 11
856582 54
856583 32
856584 9
856585 2
856587 56
856589 2
856590 61
856591 8
856592 62
856594 63
856595 11
856596 58
856597 20
856600 3
856601 71
856602 72
856603 73
856604 74
856605 77
856607 8
856608 80
856609 81
856610 82
856612 2
856614 2
856615 83
856617 52
856618 11
856620 84
856621 1
856622 54
856623 11
856624 11
856625 14
856626 11
856627 10
856628 8
856629 4
856630 89
856631 117
856633 33
856634 68
856637 80
856638 9
856639 30
856640 246
856641 97
856642 25
856643 9
856644 99
856645 8
856647 11
856649 79
856650 11
856651 1
856652 31
856653 17
856656 109
856657 35
856658 11
856659 113
856660 114
856661 51
856662 9
856663 110
856665 1
856666 42
856667 2
856668 86
856669 122
856670 60
856671 69
856672 11
856673 24
856674 125
856678 31
856679 79
856680 11
856681 12
856682 12
856684 119
856685 33
856686 130
856687 101
856688 41
856690 8
856691 3
856692 14
856693 79
856696 9
856697 82
856698 26
856699 0
856700 9
856701 11
856702 111
856703 30
856704 27
856705 83
856706 42
856707 10
856708 64
856709 57
856710 8
856711 133
856712 44
856713 106
856714 59
856715 42
856716 84
856717 11
856719 139
856720 57
856722 25
856725 116
856726 49
856727 8
856728 48
856729 48
856730 50
856731 128
856732 142
856733 27
856734 14
856736 11
856737 86
856738 132
856739 12
856740 86
856741 11
856742 11
856743 11
856744 53
856747 11
856748 149
856749 13
856750 87
856751 22
856752 31
856754 11
856755 150
856756 1
856757 257
856758 76
856759 11
856760 149
856761 260
856764 11
856765 69
856766 8
856767 78
856768 9
856770 1
856771 14
856773 43
856774 11
856775 14
856777 93
856778 12
856779 51
856780 22
856781 156
856782 116
856783 146
856784 157
856785 146
856786 158
856787 8
856788 126
856789 237
856790 158
856794 159
856796 11
856797 5
856798 95
856799 50
856800 135
856801 110
856802 20
856803 162
856804 143
856805 143
856806 6
856807 164
856808 65
856809 165
856811 2
856812 28
856813 84
856814 42
856815 120
856816 11
856817 169
856819 246
856820 7
856823 11
856824 170
856825 75
856826 238
856827 76
856828 11
856829 58
856830 60
856831 89
856832 30
856833 11
856834 81
856836 51
856837 151
856839 86
856840 7
856841 8
856842 51
856843 9
856844 1
856845 88
856846 62
856848 8
856851 156
856852 89
856855 174
856856 149
856857 8
856858 2
856859 144
856861 14
856863 27
856869 33
856870 62
856871 27
856872 113
856874 55
856875 54
856876 56
856878 60
856880 43
856881 163
856882 163
856884 171
856885 146
856886 125
856887 31
856889 104
856890 31
856892 75
856893 31
856894 42
856896 177
856897 44
856900 11
856901 178
856902 6
856903 75
856904 59
856905 168
856906 11
856907 36
856908 11
856909 118
856910 42
856911 159
856912 139
856914 34
856916 30
856917 1
856918 1
856919 11
856920 27
856921 101
856922 147
856925 117
856926 181
856927 8
856930 56
856931 182
856932 29
856933 56
856934 258
856935 183
856936 22
856938 37
856939 98
856940 28
856941 44
856942 60
856944 37
856945 11
856946 104
856949 103
856950 64
856951 37
856952 11
856954 2
856955 31
856956 10
856957 163
856959 93
856960 78
856961 0
856962 0
856963 0
856965 260
856966 42
856967 98
856969 0
856970 11
856971 151
856972 187
856973 110
856974 56
856975 124
856976 177
856978 188
856979 59
856981 134
856982 14
856983 56
856985 45
856986 29
856987 21
856988 50
856989 190
856992 6
856993 18
856994 81
856996 96
856998 6
856999 11
857000 0
857001 78
857003 9
857004 59
857005 11
857006 75
857007 59
857008 70
857009 11
857010 1
857011 56
857012 2
857013 11
857014 135
857018 0
857019 23
857020 192
857022 165
857024 175
857025 187
857026 169
857027 54
857029 88
857031 193
857032 42
857033 195
857035 196
857036 14
857037 11
857038 29
857041 84
857042 11
857043 35
857044 18
857045 198
857046 56
857047 42
857048 60
857050 46
857051 2
857052 11
857053 83
857054 11
857055 38
857057 118
857059 29
857060 8
857061 29
857062 11
857064 104
857069 12
857070 197
857071 51
857072 23
857073 37
857074 184
857075 34
857076 170
857077 93
857078 11
857079 78
857080 120
857081 69
857083 197
857084 75
857085 4
857086 86
857088 59
857090 56
857091 37
857092 12
857094 2
857095 65
857096 11
857097 51
857098 135
857099 11
857101 93
857102 161
857103 75
857104 30
857105 60
857106 59
857107 247
857108 11
857110 103
857113 42
857114 2
857115 124
857118 203
857119 204
857120 95
857121 15
857122 15
857127 11
857128 114
857129 59
857130 8
857131 82
857132 104
857133 110
857135 11
857136 150
857137 165
857138 57
857139 4
857141 86
857142 25
857144 59
857145 49
857146 49
857147 204
857149 7
857150 54
857151 206
857152 207
857155 248
857156 136
857157 107
857158 119
857159 159
857160 162
857161 2
857167 123
857168 123
857169 48
857170 4
857172 35
857173 4
857174 136
857175 141
857176 8
857177 111
857178 208
857179 209
857181 16
857182 2
857183 153
857184 182
857185 14
857187 13
857188 174
857191 11
857192 54
857193 124
857196 31
857197 88
857200 162
857201 98
857202 4
857203 11
857204 9
857205 107
857206 31
857208 86
857209 179
857210 62
857211 50
857212 3
857213 172
857215 84
857216 68
857217 210
857218 30
857219 11
857220 85
857221 98
857222 239
857223 122
857224 42
857226 120
857227 252
857228 252
857229 10
857230 211
857231 211
857233 249
857234 152
857235 94
857236 141
857237 143
857238 11
857239 11
857242 42
857244 11
857245 104
857247 129
857248 18
857251 6
857253 9
857254 11
857255 189
857257 25
857258 110
857259 190
857260 1
857261 130
857264 50
857266 143
857269 249
857270 79
857272 39
857273 39
857274 163
857275 52
857278 47
857279 10
857280 212
857281 2
857282 51
857283 16
857284 161
857285 31
857286 214
857287 92
857288 10
857289 60
857290 216
857291 11
857294 35
857295 68
857296 98
857297 86
857298 207
857299 11
857300 86
857302 31
857303 59
857304 11
857305 13
857309 8
857310 11
857311 93
857312 11
857313 108
857314 2
857316 187
857317 127
857318 11
857320 2
857321 127
857322 2
857323 137
857325 2
857326 108
857327 95
857328 127
857329 127
857330 127
857332 46
857333 193
857334 6
857335 27
857336 39
857337 45
857339 9
857340 34
857341 11
857343 198
857344 11
857345 11
857346 194
857347 10
857349 198
857350 219
857352 25
857354 51
857356 124
857357 30
857359 159
857360 174
857361 215
857365 1
857367 30
857368 59
857369 102
857370 45
857375 11
857376 55
857378 28
857379 18
857381 11
857383 6
857385 52
857386 88
857389 199
857391 215
857392 56
857395 199
857396 2
857397 2
857398 11
857399 253
857400 208
857402 220
857404 93
857405 11
857407 63
857409 108
857410 159
857411 8
857412 59
857413 253
857414 56
857415 1
857416 118
857417 96
857420 254
857421 140
857422 11
857423 42
857424 106
857426 128
857428 144
857429 104
857430 12
857431 30
857432 138
857433 54
857434 46
857435 179
857437 52
857438 12
857439 72
857440 11
857441 42
857442 9
857443 39
857444 97
857445 11
857446 11
857447 155
857448 27
857449 10
857451 15
857453 21
857454 107
857455 144
857456 63
857457 180
857458 107
857459 78
857460 62
857461 47
857462 8
857463 209
857464 160
857465 85
857468 39
857469 11
857470 98
857471 92
857472 87
857474 8
857475 144
857477 135
857479 70
857480 23
857481 17
857482 20
857487 1
857488 42
857489 10
857492 17
857493 132
857495 11
857496 86
857497 42
857498 11
857499 56
857500 53
857502 43
857505 85
857506 210
857507 11
857508 11
857509 60
857510 56
857511 27
857513 121
857514 42
857516 178
857517 129
857518 29
857519 60
857521 39
857523 28
857524 184
857526 86
857527 205
857528 11
857529 240
857530 221
857531 221
857532 221
857533 221
857535 127
857536 88
857537 5
857538 59
857539 218
857541 32
857544 11
857548 42
857549 248
857551 144
857552 64
857554 206
857555 126
857558 7
857559 263
857560 154
857561 164
857564 80
857565 41
857567 42
857571 11
857572 100
857575 59
857577 148
857579 223
857580 57
857581 90
857582 54
857583 137
857584 78
857585 224
857587 25
857588 2
857590 50
857593 153
857595 50
857598 42
857599 105
857600 2
857601 221
857602 205
857603 226
857604 238
857605 37
857606 157
857607 11
857608 221
857609 221
857610 241
857611 221
857612 240
857614 108
857615 227
857618 107
857619 87
857622 59
857623 127
857624 228
857626 59
857629 132
857630 125
857631 166
857632 42
857633 37
857634 15
857635 80
857637 30
857638 37
857639 218
857640 127
857641 127
857644 62
857646 229
857647 107
857649 12
857651 242
857652 124
857653 200
857655 14
857656 172
857658 12
857659 8
857660 102
857661 43
857662 11
857664 164
857665 215
857666 11
857667 108
857668 146
857669 222
857670 223
857671 86
857672 68
857673 8
857675 223
857676 109
857679 37
857680 47
857681 12
857682 40
857684 11
857685 111
857686 254
857687 11
857688 214
857689 176
857690 162
857692 65
857693 255
857694 130
857696 250
857698 237
857699 61
857701 15
857703 8
857704 2
857705 45
857706 25
857707 46
857708 183
857710 131
857711 18
857713 118
857714 11
857715 133
857716 82
857717 36
857718 227
857719 86
857722 28
857723 167
857724 207
857725 31
857726 15
857730 69
857731 104
857732 133
857734 66
857735 185
857736 188
857739 218
857740 218
857741 218
857742 59
857743 230
857744 230
857745 66
857746 8
857750 14
857751 47
857752 152
857754 111
857757 51
857758 119
857759 18
857760 167
857761 129
857763 28
857765 231
857768 71
857769 63
857770 119
857771 59
857773 26
857776 30
857777 42
857778 97
857780 59
857781 59
857782 205
857783 99
857784 11
857785 173
857786 30
857790 118
857791 109
857792 41
857796 8
857799 220
857800 241
857801 14
857803 78
857804 221
857805 241
857806 221
857807 221
857808 69
857809 221
857810 221
857811 221
857812 221
857813 240
857814 221
857816 118
857817 208
857822 213
857823 162
857824 11
857826 88
857828 88
857829 22
857830 202
857832 8
857834 47
857836 107
857837 11
857838 64
857839 56
857841 60
857842 101
857843 217
857845 115
857846 230
857847 204
857849 217
857850 186
857851 96
857852 76
857854 59
857856 243
857857 243
857858 59
857859 23
857861 81
857862 41
857863 168
857864 42
857865 172
857866 22
857867 24
857868 75
857870 256
857871 24
857873 69
857874 256
857875 10
857879 129
857880 24
857881 261
857882 43
857883 30
857885 207
857886 42
857888 189
857889 81
857893 42
857894 194
857895 159
857896 48
857897 232
857899 11
857900 89
857901 20
857902 1
857904 124
857905 25
857906 25
857907 225
857909 44
857911 11
857912 11
857913 9
857914 15
857915 11
857917 78
857918 121
857919 17
857920 191
857921 50
857922 31
857925 47
857926 231
857929 162
857930 18
857932 17
857934 259
857935 2
857937 28
857938 200
857939 18
857940 59
857941 60
857945 4
857947 97
857948 6
857949 141
857950 15
857951 86
857952 4
857954 177
857955 54
857958 250
857960 160
857961 8
857962 57
857963 51
857964 261
857966 173
857967 12
857968 134
857970 104
857971 104
857972 2
857973 39
857974 159
857976 98
857978 164
857979 8
857980 84
857981 234
857982 11
857983 89
857984 131
857985 181
857986 189
857989 112
857990 140
857991 161
857992 81
857994 11
857995 207
857996 224
858000 51
858001 129
858002 49
858003 10
858004 233
858005 233
858007 1
858010 70
858011 11
858012 77
858014 2
858015 60
858016 11
858017 11
858018 91
858022 68
858023 147
858024 30
858026 16
858027 207
858028 11
858029 11
858030 50
858033 235
858036 255
858037 162
858040 119
858041 27
858043 266
858045 1
858046 59
858047 104
858050 47
858052 11
858054 228
858055 209
858056 196
858057 235
858058 172
858059 56
858060 44
858063 51
858066 103
858068 71
858069 138
858071 46
858073 59
858076 145
858077 1
858078 195
858079 34
858080 145
858081 258
858082 118
858084 152
858085 9
858086 89
858087 162
858090 164
858091 10
858092 59
858093 20
858095 213
858096 162
858097 57
858098 119
858099 59
858100 33
858101 115
858103 8
858109 236
858111 73
858112 133
858113 141
858114 232
858115 31
858118 159
858119 96
858120 112
858121 51
858122 4
858123 104
858124 86
858129 11
858130 50
858131 87
858133 112
858136 54
858137 76
858138 9
858139 76
858141 174
858142 46
858143 144
858144 251
858146 44
858147 1
858149 89
858150 11
858152 51
858153 2
858155 11
858156 63
858158 128
858159 185
858160 43
858163 31
858164 11
858167 11
858169 230
858170 154
858172 226
858174 212
858175 8
858177 208
858178 104
858179 43
858182 145
858183 219
858184 119
858186 11
858187 59
858190 48
858191 131
858193 42
858195 64
858197 236
858198 9
858200 142
858203 162
858204 15
858207 11
858208 100
858209 81
858210 79
858211 257
858212 50
858213 93
858214 42
858216 62
858218 29
858221 60
858222 50
858223 165
858224 94
858226 34
858227 67
858228 42
858229 185
858230 225
858232 203
858234 67
858235 75
858236 76
858238 175
858243 11
858250 18
858251 111
858252 229
858254 147
858256 264
858259 234
858260 11
858261 30
858262 59
858263 180
858265 15
858266 84
858267 70
858268 3
858269 62
858271 247
858273 40
858274 239
858276 11
858279 111
858280 36
858281 15
858283 201
858284 201
858285 61
858286 77
858289 20
858290 216
858292 262
858294 11
858296 118
858299 18
858301 193
858304 11
858305 40
858309 186
858311 244
858315 84
858317 27
858318 176
858319 262
858320 2
858321 50
858322 89
858323 155
858324 11
858325 10
858326 144
858327 85
858329 251
858330 202
858331 93
858332 12
858333 105
858334 6
858335 244
858336 39
858337 39
858339 161
858340 17
858341 8
858342 181
858343 15
858345 11
858347 62
858349 224
858350 148
858353 31
858355 76
858356 90
858357 31
858358 56
858361 222
858362 12
858363 166
858364 59
858365 192
858366 15
858368 8
858369 11
858373 265
858374 116
858375 116
858377 263
858379 5
858381 264
858382 74
858383 19
858384 19
858385 171
858386 17
858387 124
858389 33
858391 10
858392 12
858393 11
858394 152
858395 54
858396 86
858397 33
858398 50
858399 266
858400 1
858401 242
858402 101
858404 161
858405 38
858406 11
858408 245
858410 29
858411 28
858412 127
858413 134
858415 245
858416 4
858417 91
858418 114
858419 8
858420 115
858425 19
858427 33
858428 19
858429 265
858430 259
858431 176
858433 47
858434 191
858437 33
858440 124
