856559 0
856560 9
856561 1
856562 25
856563 29
856564 4
856567 24
856570 9
856571 8
856572 44
856573 45
856574 55
856575 56
856577 57
856578 59
856579 62
856580 35
856581 8
856582 66
856583 36
856584 10
856585 2
856587 68
856589 60
856590 77
856591 21
856592 80
856594 34
856595 8
856596 71
856597 21
856600 3
856601 89
856602 90
856603 91
856604 92
856605 47
856607 14
856608 94
856609 95
856610 96
856612 60
856614 60
856615 97
856617 63
856618 8
856620 99
856621 16
856622 67
856623 8
856624 8
856625 11
856626 8
856627 11
856628 9
856629 4
856630 105
856631 136
856633 37
856634 85
856637 94
856638 10
856639 4
856640 3
856641 115
856642 29
856643 11
856644 26
856645 9
856647 8
856649 119
856650 8
856651 15
856652 34
856653 26
856656 108
856657 13
856658 8
856659 130
856660 132
856661 59
856662 62
856663 127
856665 0
856666 46
856667 60
856668 15
856669 145
856670 11
856671 8
856672 8
856673 28
856674 148
856678 34
856679 32
856680 8
856681 149
856682 149
856684 152
856685 37
856686 155
856687 117
856688 157
856690 9
856691 3
856692 11
856693 119
856696 11
856697 96
856698 30
856699 0
856700 10
856701 8
856702 160
856703 4
856704 31
856705 97
856706 45
856707 24
856708 81
856709 69
856710 9
856711 52
856712 153
856713 73
856714 75
856715 45
856716 168
856717 8
856719 8
856720 132
856722 19
856725 169
856726 58
856727 21
856728 170
856729 170
856730 61
856731 151
856732 171
856733 120
856734 62
856736 8
856737 15
856738 157
856739 12
856740 8
856741 8
856742 8
856743 8
856744 65
856747 8
856748 178
856749 13
856750 74
856751 26
856752 34
856754 8
856755 180
856756 124
856757 284
856758 38
856759 8
856760 178
856761 287
856764 8
856765 8
856766 14
856767 50
856768 10
856770 8
856771 62
856773 47
856774 8
856775 15
856777 51
856778 12
856779 59
856780 26
856781 187
856782 63
856783 175
856784 188
856785 175
856786 189
856787 14
856788 8
856789 265
856790 189
856794 140
856796 8
856797 5
856798 114
856799 59
856800 163
856801 127
856802 4
856803 192
856804 174
856805 174
856806 6
856807 193
856808 82
856809 194
856811 1
856812 32
856813 99
856814 185
856815 139
856816 8
856817 118
856819 3
856820 7
856823 8
856824 12
856825 95
856826 266
856827 93
856828 8
856829 71
856830 98
856831 106
856832 161
856833 8
856834 95
856836 59
856837 124
856839 102
856840 7
856841 14
856842 59
856843 11
856844 1
856845 103
856846 80
856848 14
856851 187
856852 105
856855 78
856856 178
856857 36
856858 60
856859 84
856861 11
856863 86
856869 199
856870 80
856871 199
856872 130
856874 66
856875 66
856876 74
856878 11
856880 47
856881 174
856882 174
856884 161
856885 175
856886 148
856887 34
856889 158
856890 34
856892 4
856893 34
856894 204
856896 205
856897 48
856900 8
856901 206
856902 6
856903 95
856904 75
856905 21
856906 8
856907 4
856908 8
856909 166
856910 45
856911 140
856912 78
856914 38
856916 4
856917 1
856918 35
856919 8
856920 172
856921 117
856922 200
856925 136
856926 210
856927 9
856930 31
856931 211
856932 29
856933 74
856934 285
856935 212
856936 26
856938 40
856939 159
856940 32
856941 153
856942 11
856944 125
856945 8
856946 131
856949 121
856950 81
856951 34
856952 8
856954 60
856955 34
856956 24
856957 174
856959 94
856960 50
856961 0
856962 0
856963 0
856965 287
856966 49
856967 159
856969 0
856970 8
856971 124
856972 215
856973 127
856974 31
856975 8
856976 205
856978 216
856979 75
856981 162
856982 62
856983 31
856985 140
856986 29
856987 22
856988 134
856989 218
856992 6
856993 137
856994 95
856996 114
856998 6
856999 8
857000 0
857001 50
857003 10
857004 75
857005 8
857006 95
857007 75
857008 88
857009 8
857010 8
857011 74
857012 2
857013 8
857014 163
857018 0
857019 42
857020 219
857022 194
857024 196
857025 215
857026 118
857027 67
857029 103
857031 220
857032 49
857033 223
857035 224
857036 11
857037 8
857038 29
857041 99
857042 8
857043 13
857044 44
857045 226
857046 68
857047 204
857048 76
857050 53
857051 227
857052 11
857053 97
857054 8
857055 41
857057 166
857059 29
857060 9
857061 29
857062 75
857064 131
857069 12
857070 225
857071 59
857072 42
857073 141
857074 213
857075 208
857076 12
857077 51
857078 8
857079 51
857080 138
857081 13
857083 225
857084 95
857085 4
857086 102
857088 75
857090 74
857091 64
857092 149
857094 1
857095 82
857096 8
857097 59
857098 163
857099 8
857101 51
857102 191
857103 95
857104 192
857105 98
857106 75
857107 274
857108 8
857110 121
857113 185
857114 33
857115 147
857118 231
857119 232
857120 114
857121 16
857122 16
857127 8
857128 133
857129 75
857130 21
857131 96
857132 158
857133 127
857135 8
857136 180
857137 194
857138 69
857139 4
857141 102
857142 19
857144 75
857145 58
857146 57
857147 232
857149 7
857150 66
857151 233
857152 10
857155 275
857156 164
857157 8
857158 75
857159 101
857160 192
857161 9
857167 146
857168 146
857169 56
857170 4
857172 13
857173 4
857174 164
857175 58
857176 79
857177 128
857178 235
857179 173
857181 17
857182 10
857183 182
857184 211
857185 12
857187 13
857188 78
857191 8
857192 67
857193 147
857196 34
857197 63
857200 192
857201 63
857202 4
857203 8
857204 103
857205 8
857206 34
857208 15
857209 209
857210 80
857211 134
857212 3
857213 43
857215 168
857216 112
857217 236
857218 4
857219 8
857220 101
857221 159
857222 267
857223 145
857224 45
857226 139
857227 279
857228 279
857229 11
857230 237
857231 237
857233 276
857234 181
857235 113
857236 234
857237 174
857238 8
857239 8
857242 45
857244 8
857245 131
857247 154
857248 44
857251 6
857253 10
857254 8
857255 217
857257 19
857258 127
857259 218
857260 23
857261 155
857264 134
857266 174
857269 276
857270 119
857272 42
857273 42
857274 174
857275 63
857278 55
857279 24
857280 238
857281 60
857282 59
857283 17
857284 8
857285 34
857286 240
857287 110
857288 24
857289 31
857290 242
857291 8
857294 13
857295 112
857296 159
857297 141
857298 10
857299 8
857300 179
857302 34
857303 75
857304 8
857305 13
857309 120
857310 8
857311 51
857312 8
857313 126
857314 72
857316 215
857317 150
857318 8
857320 1
857321 150
857322 2
857323 165
857325 2
857326 75
857327 137
857328 150
857329 150
857330 150
857332 53
857333 220
857334 6
857335 73
857336 42
857337 100
857339 10
857340 38
857341 8
857343 226
857344 8
857345 8
857346 221
857347 24
857349 226
857350 142
857352 19
857354 59
857356 147
857357 4
857359 207
857360 78
857361 241
857365 35
857367 4
857368 75
857369 38
857370 50
857375 103
857376 66
857378 32
857379 42
857381 8
857383 6
857385 63
857386 63
857389 228
857391 241
857392 31
857395 228
857396 60
857397 104
857398 8
857399 280
857400 235
857402 244
857404 94
857405 8
857407 34
857409 126
857410 207
857411 9
857412 75
857413 280
857414 31
857415 1
857416 166
857417 114
857420 281
857421 144
857422 8
857423 51
857424 68
857426 151
857428 84
857429 158
857430 74
857431 4
857432 167
857433 66
857434 53
857435 209
857437 63
857438 149
857439 90
857440 8
857441 222
857442 4
857443 42
857444 115
857445 8
857446 8
857447 203
857448 172
857449 10
857451 16
857453 22
857454 8
857455 84
857456 34
857457 125
857458 8
857459 50
857460 80
857461 55
857462 9
857463 173
857464 190
857465 184
857468 8
857469 8
857470 159
857471 110
857472 74
857474 14
857475 8
857477 163
857479 88
857480 27
857481 18
857482 72
857487 8
857488 185
857489 24
857492 18
857493 173
857495 8
857496 15
857497 46
857498 8
857499 74
857500 65
857502 49
857505 101
857506 236
857507 118
857508 8
857509 11
857510 31
857511 199
857513 142
857514 45
857516 206
857517 154
857518 15
857519 98
857521 8
857523 32
857524 213
857526 15
857527 181
857528 8
857529 268
857530 246
857531 247
857532 247
857533 247
857535 150
857536 103
857537 5
857538 75
857539 243
857541 9
857544 8
857548 45
857549 275
857551 8
857552 81
857554 233
857555 74
857558 7
857559 290
857560 183
857561 193
857564 94
857565 80
857567 52
857571 8
857572 26
857575 75
857577 177
857579 249
857580 69
857581 107
857582 67
857583 165
857584 52
857585 250
857587 19
857588 104
857590 134
857593 182
857595 61
857598 45
857599 123
857600 60
857601 247
857602 181
857603 251
857604 266
857605 40
857606 188
857607 8
857608 247
857609 247
857610 269
857611 246
857612 268
857614 126
857615 252
857618 8
857619 179
857622 42
857623 150
857624 253
857626 75
857629 157
857630 148
857631 195
857632 51
857633 40
857634 21
857635 94
857637 4
857638 143
857639 243
857640 150
857641 150
857644 80
857646 254
857647 8
857649 12
857651 270
857652 147
857653 229
857655 62
857656 43
857658 149
857659 79
857660 38
857661 140
857662 8
857664 193
857665 241
857666 8
857667 126
857668 175
857669 248
857670 249
857671 144
857672 112
857673 9
857675 249
857676 108
857679 64
857680 55
857681 12
857682 8
857684 8
857685 128
857686 281
857687 8
857688 240
857689 201
857690 192
857692 82
857693 282
857694 155
857696 277
857698 265
857699 77
857701 16
857703 79
857704 33
857705 138
857706 19
857707 53
857708 212
857710 156
857711 42
857713 166
857714 8
857715 52
857716 96
857717 39
857718 252
857719 108
857722 32
857723 43
857724 10
857725 34
857726 16
857730 13
857731 122
857732 52
857734 83
857735 131
857736 216
857739 243
857740 243
857741 243
857742 33
857743 257
857744 257
857745 83
857746 9
857750 11
857751 55
857752 75
857754 128
857757 59
857758 157
857759 19
857760 32
857761 154
857763 32
857765 258
857768 89
857769 34
857770 74
857771 75
857773 30
857776 4
857777 54
857778 115
857780 34
857781 34
857782 181
857783 26
857784 8
857785 197
857786 4
857790 166
857791 108
857792 43
857796 36
857799 244
857800 269
857801 62
857803 50
857804 247
857805 269
857806 247
857807 247
857808 13
857809 246
857810 247
857811 247
857812 247
857813 268
857814 247
857816 0
857817 235
857822 239
857823 192
857824 8
857826 103
857828 103
857829 26
857830 85
857832 79
857834 31
857836 8
857837 8
857838 81
857839 74
857841 76
857842 117
857843 198
857845 135
857846 257
857847 232
857849 198
857850 214
857851 70
857852 93
857854 75
857856 271
857857 271
857858 75
857859 27
857861 95
857862 24
857863 100
857864 45
857865 43
857866 25
857867 28
857868 202
857870 283
857871 28
857873 198
857874 283
857875 24
857879 154
857880 28
857881 288
857882 53
857883 196
857885 10
857886 54
857888 50
857889 95
857893 222
857894 221
857895 207
857896 170
857897 259
857899 8
857900 106
857901 87
857902 23
857904 147
857905 19
857906 19
857907 186
857909 48
857911 8
857912 8
857913 10
857914 16
857915 8
857917 170
857918 143
857919 245
857920 8
857921 134
857922 34
857925 55
857926 258
857929 192
857930 44
857932 245
857934 286
857935 200
857937 32
857938 229
857939 44
857940 75
857941 202
857945 4
857947 115
857948 6
857949 58
857950 16
857951 85
857952 4
857954 205
857955 67
857958 277
857960 190
857961 9
857962 69
857963 59
857964 288
857966 197
857967 173
857968 162
857970 158
857971 158
857972 60
857973 42
857974 101
857976 63
857978 193
857979 21
857980 99
857981 261
857982 8
857983 106
857984 156
857985 210
857986 217
857989 129
857990 144
857991 191
857992 95
857994 8
857995 10
857996 250
858000 59
858001 85
858002 57
858003 24
858004 260
858005 260
858007 86
858010 88
858011 8
858012 47
858014 1
858015 76
858016 8
858017 8
858018 109
858022 112
858023 176
858024 4
858026 17
858027 10
858028 8
858029 8
858030 59
858033 262
858036 282
858037 192
858040 130
858041 199
858043 293
858045 35
858046 75
858047 93
858050 55
858052 8
858054 253
858055 173
858056 224
858057 262
858058 43
858059 74
858060 153
858063 59
858066 121
858068 89
858069 167
858071 53
858073 75
858076 12
858077 8
858078 223
858079 38
858080 263
858081 285
858082 166
858084 181
858085 116
858086 105
858087 192
858090 193
858091 24
858092 75
858093 87
858095 239
858096 192
858097 68
858098 137
858099 75
858100 37
858101 135
858103 14
858109 264
858111 91
858112 52
858113 234
858114 259
858115 34
858118 207
858119 70
858120 129
858121 59
858122 4
858123 122
858124 15
858129 8
858130 134
858131 86
858133 129
858136 67
858137 93
858138 116
858139 93
858141 78
858142 53
858143 8
858144 278
858146 153
858147 1
858149 106
858150 8
858152 59
858153 102
858155 8
858156 34
858158 151
858159 131
858160 203
858163 34
858164 8
858167 8
858169 129
858170 183
858172 251
858174 238
858175 14
858177 235
858178 158
858179 47
858182 263
858183 142
858184 152
858186 8
858187 34
858190 56
858191 156
858193 45
858195 81
858197 264
858198 70
858200 171
858203 160
858204 16
858207 8
858208 137
858209 95
858210 32
858211 284
858212 59
858213 51
858214 45
858216 80
858218 29
858221 76
858222 61
858223 194
858224 113
858226 208
858227 84
858228 51
858229 131
858230 186
858232 231
858234 15
858235 95
858236 93
858238 196
858243 8
858250 44
858251 128
858252 254
858254 176
858256 291
858259 261
858260 8
858261 161
858262 75
858263 200
858265 16
858266 203
858267 88
858268 3
858269 80
858271 274
858273 256
858274 267
858276 8
858279 128
858280 39
858281 16
858283 230
858284 230
858285 78
858286 47
858289 125
858290 242
858292 289
858294 8
858296 166
858299 44
858301 220
858304 8
858305 256
858309 214
858311 272
858315 99
858317 5
858318 201
858319 289
858320 227
858321 134
858322 106
858323 186
858324 8
858325 11
858326 84
858327 184
858329 278
858330 85
858331 51
858332 74
858333 123
858334 6
858335 272
858336 42
858337 42
858339 191
858340 18
858341 21
858342 210
858343 16
858345 8
858347 80
858349 250
858350 177
858353 34
858355 93
858356 107
858357 95
858358 68
858361 248
858362 74
858363 195
858364 75
858365 219
858366 16
858368 9
858369 8
858373 292
858374 169
858375 169
858377 290
858379 5
858381 291
858382 92
858383 20
858384 20
858385 161
858386 26
858387 255
858389 37
858391 24
858392 149
858393 8
858394 181
858395 66
858396 15
858397 37
858398 59
858399 293
858400 8
858401 270
858402 117
858404 191
858405 41
858406 8
858408 273
858410 29
858411 37
858412 150
858413 162
858415 273
858416 4
858417 109
858418 133
858419 14
858420 135
858425 20
858427 111
858428 20
858429 292
858430 286
858431 201
858433 55
858434 8
858437 111
858440 255
