856559 0
856560 9
856561 1
856562 26
856563 30
856564 35
856567 24
856570 8
856571 5
856572 44
856573 45
856574 53
856575 54
856577 10
856578 56
856579 10
856580 8
856581 59
856582 61
856583 8
856584 10
856585 2
856587 64
856589 57
856590 67
856591 9
856592 70
856594 71
856595 5
856596 64
856597 9
856600 3
856601 81
856602 82
856603 83
856604 69
856605 46
856607 9
856608 45
856609 16
856610 85
856612 57
856614 57
856615 86
856617 10
856618 5
856620 87
856621 18
856622 90
856623 5
856624 53
856625 10
856626 21
856627 10
856628 16
856629 4
856630 93
856631 69
856633 8
856634 77
856637 45
856638 10
856639 36
856640 235
856641 102
856642 30
856643 10
856644 104
856645 9
856647 39
856649 7
856650 5
856651 58
856652 36
856653 27
856656 95
856657 8
856658 5
856659 112
856660 77
856661 56
856662 10
856663 110
856665 19
856666 46
856667 57
856668 13
856669 117
856670 10
856671 69
856672 5
856673 29
856674 118
856678 119
856679 7
856680 5
856681 121
856682 121
856684 50
856685 8
856686 124
856687 105
856688 11
856690 9
856691 3
856692 10
856693 7
856696 10
856697 85
856698 30
856699 0
856700 10
856701 5
856702 29
856703 35
856704 30
856705 86
856706 45
856707 24
856708 71
856709 27
856710 9
856711 51
856712 50
856713 65
856714 42
856715 45
856716 135
856717 5
856719 25
856720 27
856722 9
856725 136
856726 55
856727 9
856728 137
856729 137
856730 56
856731 123
856732 138
856733 7
856734 10
856736 21
856737 13
856738 140
856739 11
856740 25
856741 120
856742 120
856743 120
856744 59
856747 5
856748 145
856749 12
856750 89
856751 27
856752 36
856754 120
856755 147
856756 42
856757 246
856758 84
856759 21
856760 145
856761 249
856764 5
856765 69
856766 9
856767 50
856768 10
856770 5
856771 10
856773 47
856774 5
856775 13
856777 45
856778 11
856779 56
856780 36
856781 150
856782 24
856783 143
856784 151
856785 143
856786 152
856787 9
856788 5
856789 226
856790 152
856794 88
856796 21
856797 5
856798 28
856799 56
856800 130
856801 110
856802 4
856803 155
856804 156
856805 11
856806 6
856807 159
856808 73
856809 160
856811 108
856812 31
856813 87
856814 51
856815 49
856816 21
856817 163
856819 235
856820 7
856823 120
856824 36
856825 16
856826 227
856827 84
856828 5
856829 64
856830 10
856831 93
856832 35
856833 5
856834 16
856836 56
856837 42
856839 30
856840 8
856841 9
856842 56
856843 10
856844 1
856845 10
856846 70
856848 9
856851 150
856852 93
856855 168
856856 145
856857 9
856858 57
856859 5
856861 10
856863 30
856869 98
856870 70
856871 98
856872 112
856874 63
856875 61
856876 30
856878 10
856880 47
856881 157
856882 157
856884 35
856885 143
856886 118
856887 36
856889 109
856890 36
856892 16
856893 36
856894 172
856896 158
856897 48
856900 5
856901 173
856902 6
856903 16
856904 42
856905 162
856906 5
856907 38
856908 39
856909 133
856910 45
856911 88
856912 68
856914 37
856916 35
856917 19
856918 8
856919 5
856920 139
856921 105
856922 144
856925 69
856926 176
856927 8
856930 30
856931 177
856932 13
856933 30
856934 247
856935 179
856936 146
856938 40
856939 126
856940 31
856941 50
856942 10
856944 58
856945 53
856946 109
856949 106
856950 71
856951 27
856952 5
856954 57
856955 36
856956 24
856957 157
856959 45
856960 50
856961 0
856962 0
856963 0
856965 249
856966 49
856967 126
856969 0
856970 5
856971 8
856972 180
856973 110
856974 30
856975 27
856976 158
856978 181
856979 44
856981 129
856982 10
856983 30
856985 149
856986 13
856987 20
856988 56
856989 183
856992 6
856993 28
856994 16
856996 101
856998 6
856999 5
857000 9
857001 50
857003 5
857004 44
857005 5
857006 16
857007 79
857008 80
857009 21
857010 5
857011 30
857012 8
857013 21
857014 130
857018 0
857019 42
857020 185
857022 160
857024 98
857025 180
857026 163
857027 62
857029 10
857031 186
857032 49
857033 188
857035 189
857036 10
857037 5
857038 30
857041 87
857042 5
857043 8
857044 44
857045 135
857046 64
857047 172
857048 66
857050 178
857051 190
857052 10
857053 86
857054 21
857055 41
857057 133
857059 13
857060 8
857061 13
857062 4
857064 109
857069 11
857070 30
857071 56
857072 42
857073 58
857074 127
857075 37
857076 36
857077 131
857078 5
857079 46
857080 46
857081 69
857083 30
857084 164
857085 4
857086 25
857088 44
857090 30
857091 58
857092 121
857094 22
857095 73
857096 21
857097 56
857098 130
857099 166
857101 131
857102 154
857103 164
857104 35
857105 10
857106 79
857107 236
857108 5
857110 106
857113 174
857114 32
857115 33
857118 33
857119 75
857120 28
857121 14
857122 14
857127 5
857128 113
857129 42
857130 9
857131 85
857132 109
857133 110
857135 5
857136 147
857137 160
857138 128
857139 4
857141 30
857142 30
857144 42
857145 55
857146 10
857147 75
857149 7
857150 61
857151 196
857152 197
857155 237
857156 132
857157 65
857158 42
857159 88
857160 155
857161 8
857167 69
857168 69
857169 54
857170 4
857172 8
857173 4
857174 132
857175 55
857176 9
857177 29
857178 199
857179 125
857181 15
857182 10
857183 148
857184 177
857185 11
857187 12
857188 168
857191 5
857192 90
857193 33
857196 36
857197 24
857200 155
857201 10
857202 4
857203 5
857204 10
857205 5
857206 36
857208 109
857209 175
857210 70
857211 56
857212 3
857213 43
857215 135
857216 7
857217 200
857218 35
857219 5
857220 88
857221 126
857222 228
857223 117
857224 45
857226 49
857227 241
857228 241
857229 10
857230 201
857231 201
857233 238
857234 42
857235 50
857236 198
857237 11
857238 202
857239 202
857242 45
857244 5
857245 109
857247 31
857248 44
857251 6
857253 10
857254 30
857255 182
857257 33
857258 110
857259 183
857260 23
857261 124
857264 56
857266 156
857269 238
857270 7
857272 42
857273 42
857274 157
857275 10
857278 53
857279 10
857280 203
857281 57
857282 56
857283 15
857284 154
857285 119
857286 205
857287 36
857288 24
857289 30
857290 37
857291 5
857294 8
857295 7
857296 126
857297 13
857298 197
857299 5
857300 25
857302 119
857303 79
857304 5
857305 12
857309 69
857310 21
857311 131
857312 5
857313 58
857314 57
857316 180
857317 122
857318 5
857320 25
857321 122
857322 2
857323 114
857325 8
857326 30
857327 28
857328 122
857329 122
857330 122
857332 52
857333 186
857334 6
857335 65
857336 42
857337 88
857339 10
857340 37
857341 21
857343 135
857344 5
857345 5
857346 187
857347 24
857349 135
857350 115
857352 34
857354 56
857356 33
857357 35
857359 88
857360 168
857361 206
857365 169
857367 35
857368 91
857369 7
857370 50
857375 10
857376 63
857378 31
857379 42
857381 5
857383 6
857385 10
857386 24
857389 22
857391 206
857392 30
857395 21
857396 57
857397 92
857398 91
857399 242
857400 199
857402 208
857404 45
857405 5
857407 72
857409 192
857410 88
857411 9
857412 79
857413 242
857414 30
857415 25
857416 133
857417 101
857420 243
857421 116
857422 5
857423 46
857424 64
857426 123
857428 141
857429 35
857430 121
857431 35
857432 134
857433 61
857434 51
857435 175
857437 10
857438 121
857439 82
857440 5
857441 174
857442 4
857443 42
857444 102
857445 21
857446 5
857447 171
857448 139
857449 10
857451 18
857453 20
857454 5
857455 141
857456 72
857457 58
857458 5
857459 50
857460 76
857461 53
857462 9
857463 125
857464 153
857465 149
857468 39
857469 5
857470 126
857471 36
857472 89
857474 9
857475 24
857477 130
857479 80
857480 28
857481 16
857482 9
857487 69
857488 51
857489 24
857492 16
857493 140
857495 5
857496 7
857497 46
857498 5
857499 30
857500 59
857502 47
857505 88
857506 200
857507 36
857508 5
857509 10
857510 30
857511 98
857513 115
857514 45
857516 50
857517 31
857518 13
857519 10
857521 39
857523 31
857524 127
857526 13
857527 195
857528 5
857529 229
857530 209
857531 210
857532 210
857533 210
857535 122
857536 165
857537 2
857538 42
857539 207
857541 8
857544 5
857548 45
857549 237
857551 141
857552 71
857554 196
857555 30
857558 68
857559 252
857560 69
857561 159
857564 45
857565 76
857567 51
857571 4
857572 104
857575 42
857577 34
857579 211
857580 108
857581 94
857582 90
857583 114
857584 50
857585 194
857587 9
857588 92
857590 56
857593 148
857595 56
857598 45
857599 42
857600 57
857601 210
857602 195
857603 213
857604 227
857605 40
857606 151
857607 5
857608 210
857609 210
857610 230
857611 209
857612 229
857614 192
857615 214
857618 5
857619 89
857622 42
857623 122
857624 215
857626 79
857629 125
857630 118
857631 108
857632 45
857633 40
857634 9
857635 45
857637 35
857638 27
857639 207
857640 122
857641 122
857644 70
857646 216
857647 5
857649 11
857651 231
857652 33
857653 191
857655 10
857656 43
857658 11
857659 9
857660 7
857661 114
857662 49
857664 159
857665 206
857666 60
857667 192
857668 143
857669 165
857670 211
857671 116
857672 7
857673 9
857675 211
857676 95
857679 58
857680 53
857681 11
857682 5
857684 39
857685 29
857686 243
857687 5
857688 205
857689 170
857690 146
857692 73
857693 244
857694 124
857696 239
857698 226
857699 67
857701 18
857703 9
857704 32
857705 173
857706 30
857707 52
857708 179
857710 105
857711 42
857713 133
857714 53
857715 51
857716 85
857717 38
857718 214
857719 95
857722 31
857723 161
857724 218
857725 119
857726 18
857730 166
857731 107
857732 51
857734 74
857735 109
857736 181
857739 207
857740 207
857741 207
857742 42
857743 219
857744 219
857745 74
857746 9
857750 10
857751 53
857752 42
857754 29
857757 56
857758 11
857759 9
857760 161
857761 31
857763 31
857765 220
857768 81
857769 75
857770 30
857771 193
857773 30
857776 35
857777 46
857778 102
857780 16
857781 16
857782 195
857783 104
857784 21
857785 10
857786 35
857790 133
857791 95
857792 43
857796 9
857799 208
857800 230
857801 10
857803 50
857804 210
857805 230
857806 210
857807 210
857808 166
857809 209
857810 210
857811 210
857812 210
857813 229
857814 210
857816 19
857817 199
857822 204
857823 146
857824 60
857826 10
857828 10
857829 27
857830 100
857832 69
857834 53
857836 5
857837 34
857838 71
857839 30
857841 66
857842 105
857843 167
857845 10
857846 219
857847 75
857849 167
857850 29
857851 101
857852 84
857854 7
857856 232
857857 232
857858 42
857859 27
857861 16
857862 24
857863 162
857864 45
857865 43
857866 26
857867 29
857868 16
857870 245
857871 29
857873 167
857874 245
857875 24
857879 31
857880 29
857881 250
857882 52
857883 35
857885 197
857886 46
857888 50
857889 16
857893 49
857894 187
857895 88
857896 137
857897 221
857899 21
857900 93
857901 78
857902 23
857904 33
857905 33
857906 33
857907 45
857909 48
857911 39
857912 39
857913 10
857914 18
857915 5
857917 50
857918 115
857919 16
857920 184
857921 56
857922 36
857925 53
857926 220
857929 155
857930 44
857932 16
857934 248
857935 32
857937 31
857938 191
857939 44
857940 79
857941 10
857945 4
857947 102
857948 6
857949 55
857950 14
857951 100
857952 4
857954 158
857955 90
857958 239
857960 153
857961 9
857962 128
857963 56
857964 250
857966 10
857967 125
857968 129
857970 109
857971 109
857972 57
857973 42
857974 88
857976 126
857978 159
857979 9
857980 87
857981 223
857982 5
857983 93
857984 105
857985 176
857986 182
857989 111
857990 116
857991 154
857992 16
857994 5
857995 197
857996 212
858000 56
858001 31
858002 10
858003 24
858004 222
858005 222
858007 169
858010 80
858011 5
858012 46
858014 22
858015 66
858016 5
858017 5
858018 96
858022 7
858023 144
858024 35
858026 15
858027 218
858028 5
858029 5
858030 56
858033 224
858036 244
858037 146
858040 112
858041 98
858043 255
858045 169
858046 44
858047 109
858050 53
858052 5
858054 215
858055 125
858056 189
858057 224
858058 10
858059 30
858060 50
858063 56
858066 106
858068 81
858069 134
858071 178
858073 42
858076 142
858077 5
858078 188
858079 37
858080 142
858081 247
858082 133
858084 42
858085 103
858086 93
858087 146
858090 159
858091 24
858092 193
858093 78
858095 204
858096 146
858097 10
858098 28
858099 193
858100 97
858101 10
858103 9
858109 225
858111 83
858112 51
858113 198
858114 221
858115 36
858118 88
858119 101
858120 111
858121 56
858122 4
858123 107
858124 13
858129 5
858130 56
858131 89
858133 111
858136 62
858137 84
858138 103
858139 84
858141 168
858142 178
858143 141
858144 240
858146 50
858147 1
858149 93
858150 120
858152 56
858153 25
858155 5
858156 72
858158 123
858159 109
858160 171
858163 36
858164 5
858167 5
858169 219
858170 69
858172 213
858174 203
858175 9
858177 199
858178 35
858179 47
858182 142
858183 115
858184 50
858186 5
858187 16
858190 54
858191 105
858193 45
858195 71
858197 225
858198 10
858200 138
858203 155
858204 14
858207 5
858208 28
858209 16
858210 7
858211 246
858212 56
858213 131
858214 45
858216 70
858218 13
858221 66
858222 56
858223 160
858224 50
858226 37
858227 71
858228 46
858229 109
858230 45
858232 90
858234 71
858235 16
858236 158
858238 98
858243 5
858250 44
858251 29
858252 216
858254 144
858256 253
858259 223
858260 39
858261 35
858262 42
858263 144
858265 18
858266 171
858267 80
858268 3
858269 70
858271 236
858273 217
858274 228
858276 5
858279 29
858280 38
858281 18
858283 164
858284 164
858285 68
858286 46
858289 58
858290 37
858292 251
858294 5
858296 133
858299 44
858301 186
858304 5
858305 217
858309 36
858311 233
858315 87
858317 77
858318 170
858319 251
858320 190
858321 56
858322 93
858323 45
858324 53
858325 10
858326 141
858327 149
858329 240
858330 100
858331 131
858332 121
858333 42
858334 6
858335 233
858336 42
858337 42
858339 154
858340 16
858341 9
858342 176
858343 18
858345 10
858347 76
858349 212
858350 34
858353 119
858355 84
858356 94
858357 164
858358 64
858361 165
858362 121
858363 108
858364 79
858365 185
858366 18
858368 9
858369 5
858373 254
858374 136
858375 136
858377 252
858379 127
858381 253
858382 69
858383 17
858384 17
858385 35
858386 16
858387 33
858389 98
858391 24
858392 121
858393 5
858394 42
858395 90
858396 13
858397 97
858398 56
858399 255
858400 5
858401 231
858402 105
858404 154
858405 41
858406 34
858408 234
858410 13
858411 194
858412 122
858413 129
858415 234
858416 4
858417 96
858418 113
858419 9
858420 10
858425 17
858427 99
858428 17
858429 254
858430 248
858431 170
858433 53
858434 184
858437 99
858440 33
