856559 0
856560 8
856561 1
856562 21
856563 24
856564 30
856567 20
856570 19
856571 7
856572 35
856573 36
856574 46
856575 47
856577 9
856578 48
856579 9
856580 19
856581 7
856582 52
856583 31
856584 9
856585 1
856587 55
856589 49
856590 59
856591 60
856592 61
856594 30
856595 7
856596 55
856597 1
856600 2
856601 74
856602 75
856603 76
856604 77
856605 37
856607 8
856608 79
856609 80
856610 81
856612 49
856614 49
856615 82
856617 9
856618 7
856620 83
856621 15
856622 53
856623 7
856624 7
856625 9
856626 7
856627 9
856628 80
856629 3
856630 87
856631 117
856633 19
856634 1
856637 79
856638 9
856639 30
856640 72
856641 100
856642 24
856643 9
856644 102
856645 8
856647 7
856649 105
856650 7
856651 15
856652 30
856653 103
856656 89
856657 19
856658 7
856659 113
856660 115
856661 116
856662 9
856663 110
856665 56
856666 37
856667 49
856668 15
856669 121
856670 9
856671 7
856672 7
856673 23
856674 124
856678 30
856679 6
856680 7
856681 126
856682 126
856684 128
856685 19
856686 131
856687 104
856688 133
856690 9
856691 72
856692 9
856693 6
856696 9
856697 48
856698 25
856699 4
856700 9
856701 7
856702 103
856703 3
856704 26
856705 82
856706 36
856707 20
856708 62
856709 56
856710 8
856711 43
856712 129
856713 15
856714 57
856715 36
856716 79
856717 7
856719 143
856720 15
856722 8
856725 145
856726 9
856727 1
856728 147
856729 147
856730 48
856731 122
856732 148
856733 1
856734 9
856736 7
856737 15
856738 122
856739 10
856740 7
856741 154
856742 154
856743 154
856744 51
856747 7
856748 156
856749 11
856750 85
856751 22
856752 30
856754 7
856755 157
856756 108
856757 257
856758 78
856759 7
856760 156
856761 260
856764 7
856765 7
856766 8
856767 43
856768 9
856770 7
856771 9
856773 38
856774 7
856775 9
856777 96
856778 10
856779 161
856780 22
856781 162
856782 80
856783 153
856784 163
856785 153
856786 165
856787 8
856788 7
856789 239
856790 165
856794 142
856796 7
856797 1
856798 98
856799 48
856800 129
856801 110
856802 3
856803 21
856804 151
856805 151
856806 5
856807 173
856808 65
856809 175
856811 109
856812 24
856813 84
856814 177
856815 119
856816 7
856817 178
856819 72
856820 6
856823 154
856824 179
856825 80
856826 240
856827 78
856828 7
856829 55
856830 9
856831 88
856832 3
856833 7
856834 80
856836 116
856837 57
856839 15
856840 19
856841 8
856842 116
856843 9
856844 1
856845 9
856846 61
856848 8
856851 162
856852 87
856855 182
856856 156
856857 31
856858 1
856859 7
856861 9
856863 69
856869 93
856870 61
856871 93
856872 113
856874 54
856875 52
856876 28
856878 9
856880 38
856881 171
856882 171
856884 3
856885 164
856886 124
856887 30
856889 185
856890 30
856892 3
856893 30
856894 186
856896 172
856897 39
856900 7
856901 118
856902 5
856903 80
856904 57
856905 84
856906 7
856907 32
856908 7
856909 141
856910 36
856911 142
856912 143
856914 1
856916 3
856917 16
856918 19
856919 7
856920 149
856921 104
856922 1
856925 117
856926 114
856927 9
856930 26
856931 26
856932 24
856933 28
856934 258
856935 189
856936 22
856938 33
856939 135
856940 125
856941 129
856942 9
856944 4
856945 7
856946 134
856949 106
856950 136
856951 30
856952 7
856954 49
856955 30
856956 20
856957 171
856959 96
856960 43
856961 0
856962 0
856963 0
856965 260
856966 40
856967 135
856969 0
856970 7
856971 166
856972 192
856973 110
856974 26
856975 29
856976 172
856978 193
856979 67
856981 138
856982 9
856983 26
856985 41
856986 24
856987 17
856988 48
856989 194
856992 5
856993 3
856994 80
856996 99
856998 5
856999 7
857000 3
857001 43
857003 7
857004 67
857005 7
857006 80
857007 71
857008 73
857009 7
857010 7
857011 28
857012 1
857013 7
857014 168
857018 0
857019 21
857020 196
857022 175
857024 184
857025 192
857026 178
857027 53
857029 9
857031 197
857032 40
857033 199
857035 200
857036 9
857037 7
857038 24
857041 83
857042 7
857043 19
857044 35
857045 202
857046 55
857047 186
857048 56
857050 188
857051 203
857052 9
857053 82
857054 7
857055 8
857057 141
857059 24
857060 9
857061 24
857062 57
857064 114
857069 10
857070 201
857071 116
857072 21
857073 4
857074 190
857075 63
857076 179
857077 96
857078 7
857079 42
857080 118
857081 19
857083 201
857084 80
857085 3
857086 15
857088 67
857090 28
857091 4
857092 126
857094 18
857095 65
857096 7
857097 116
857098 168
857099 7
857101 96
857102 167
857103 80
857104 169
857105 9
857106 71
857107 247
857108 7
857110 106
857113 177
857114 27
857115 29
857118 205
857119 206
857120 98
857121 12
857122 12
857127 7
857128 115
857129 57
857130 1
857131 81
857132 185
857133 110
857135 7
857136 157
857137 175
857138 137
857139 3
857141 15
857142 28
857144 57
857145 9
857146 9
857147 206
857149 6
857150 52
857151 208
857152 209
857155 248
857156 139
857157 15
857158 57
857159 142
857160 169
857161 1
857167 123
857168 123
857169 47
857170 3
857172 19
857173 3
857174 139
857175 146
857176 60
857177 103
857178 210
857179 126
857181 13
857182 9
857183 158
857184 26
857185 10
857187 11
857188 182
857191 7
857192 53
857193 29
857196 30
857197 150
857200 169
857201 9
857202 3
857203 7
857204 9
857205 7
857206 30
857208 15
857209 16
857210 61
857211 48
857212 3
857213 20
857215 142
857216 95
857217 211
857218 3
857219 7
857220 43
857221 135
857222 50
857223 121
857224 36
857226 119
857227 252
857228 252
857229 9
857230 212
857231 212
857233 249
857234 108
857235 97
857236 146
857237 151
857238 34
857239 34
857242 36
857244 7
857245 134
857247 130
857248 35
857251 5
857253 9
857254 7
857255 43
857257 29
857258 110
857259 194
857260 19
857261 131
857264 48
857266 151
857269 249
857270 105
857272 7
857273 7
857274 171
857275 9
857278 46
857279 9
857280 213
857281 49
857282 48
857283 13
857284 167
857285 30
857286 7
857287 91
857288 20
857289 26
857290 24
857291 7
857294 19
857295 95
857296 135
857297 4
857298 209
857299 7
857300 174
857302 30
857303 71
857304 7
857305 11
857309 1
857310 7
857311 96
857312 7
857313 15
857314 1
857316 192
857317 127
857318 7
857320 1
857321 127
857322 1
857323 140
857325 1
857326 183
857327 3
857328 127
857329 127
857330 127
857332 44
857333 198
857334 5
857335 1
857336 7
857337 41
857339 9
857340 1
857341 7
857343 202
857344 7
857345 7
857346 197
857347 20
857349 142
857350 217
857352 24
857354 161
857356 29
857357 3
857359 142
857360 182
857361 215
857365 19
857367 3
857368 7
857369 1
857370 41
857375 9
857376 54
857378 20
857379 7
857381 7
857383 5
857385 9
857386 150
857389 18
857391 215
857392 26
857395 18
857396 49
857397 86
857398 7
857399 253
857400 210
857402 218
857404 96
857405 7
857407 63
857409 183
857410 142
857411 8
857412 67
857413 253
857414 26
857415 1
857416 141
857417 99
857420 254
857421 144
857422 7
857423 42
857424 55
857426 122
857428 5
857429 3
857430 195
857431 3
857432 36
857433 52
857434 43
857435 16
857437 9
857438 126
857439 75
857440 7
857441 40
857442 3
857443 7
857444 100
857445 7
857446 7
857447 160
857448 149
857449 9
857451 12
857453 17
857454 7
857455 5
857456 64
857457 187
857458 7
857459 43
857460 68
857461 46
857462 8
857463 126
857464 166
857465 159
857468 7
857469 7
857470 135
857471 91
857472 85
857474 8
857475 20
857477 36
857479 73
857480 21
857481 10
857482 1
857487 7
857488 96
857489 20
857492 10
857493 150
857495 7
857496 15
857497 37
857498 7
857499 28
857500 51
857502 38
857505 43
857506 211
857507 30
857508 7
857509 9
857510 26
857511 93
857513 62
857514 36
857516 118
857517 130
857518 24
857519 9
857521 7
857523 125
857524 190
857526 15
857527 108
857528 7
857529 241
857530 220
857531 221
857532 221
857533 221
857535 127
857536 9
857537 1
857538 57
857539 216
857541 19
857544 7
857548 36
857549 248
857551 14
857552 136
857554 208
857555 19
857558 143
857559 263
857560 117
857561 173
857564 79
857565 68
857567 43
857571 7
857572 3
857575 57
857577 155
857579 223
857580 109
857581 87
857582 53
857583 140
857584 43
857585 224
857587 8
857588 86
857590 48
857593 158
857595 48
857598 36
857599 7
857600 49
857601 221
857602 108
857603 226
857604 240
857605 33
857606 163
857607 7
857608 221
857609 221
857610 242
857611 220
857612 241
857614 183
857615 227
857618 7
857619 85
857622 7
857623 127
857624 228
857626 67
857629 133
857630 124
857631 109
857632 42
857633 33
857634 1
857635 79
857637 3
857638 120
857639 216
857640 127
857641 127
857644 61
857646 229
857647 7
857649 58
857651 243
857652 29
857653 114
857655 9
857656 20
857658 126
857659 60
857660 1
857661 37
857662 7
857664 173
857665 215
857666 7
857667 183
857668 164
857669 222
857670 223
857671 15
857672 95
857673 8
857675 223
857676 89
857679 4
857680 46
857681 58
857682 7
857684 7
857685 170
857686 254
857687 7
857688 7
857689 65
857690 169
857692 65
857693 255
857694 131
857696 250
857698 239
857699 59
857701 12
857703 60
857704 27
857705 118
857706 28
857707 44
857708 189
857710 132
857711 7
857713 141
857714 7
857715 43
857716 81
857717 32
857718 227
857719 89
857722 9
857723 176
857724 209
857725 30
857726 12
857730 180
857731 107
857732 43
857734 66
857735 134
857736 193
857739 216
857740 216
857741 216
857742 27
857743 232
857744 232
857745 66
857746 8
857750 9
857751 46
857752 108
857754 170
857757 50
857758 133
857759 8
857760 176
857761 130
857763 125
857765 233
857768 74
857769 30
857770 28
857771 207
857773 25
857776 3
857777 45
857778 100
857780 30
857781 67
857782 108
857783 102
857784 7
857785 9
857786 3
857790 141
857791 89
857792 20
857796 31
857799 218
857800 242
857801 9
857803 43
857804 221
857805 242
857806 221
857807 221
857808 180
857809 220
857810 221
857811 221
857812 221
857813 241
857814 221
857816 9
857817 210
857822 214
857823 169
857824 7
857826 9
857828 9
857829 22
857830 15
857832 60
857834 46
857836 7
857837 34
857838 105
857839 28
857841 58
857842 104
857843 181
857845 9
857846 232
857847 206
857849 181
857850 191
857851 222
857852 78
857854 67
857856 244
857857 244
857858 57
857859 21
857861 80
857862 20
857863 84
857864 36
857865 20
857866 21
857867 23
857868 9
857870 256
857871 103
857873 181
857874 256
857875 20
857879 130
857880 103
857881 261
857882 44
857883 3
857885 209
857886 45
857888 43
857889 80
857893 40
857894 197
857895 142
857896 147
857897 234
857899 7
857900 88
857901 70
857902 56
857904 29
857905 29
857906 29
857907 225
857909 39
857911 7
857912 7
857913 9
857914 12
857915 7
857917 147
857918 120
857919 219
857920 7
857921 48
857922 30
857925 46
857926 233
857929 169
857930 35
857932 219
857934 259
857935 18
857937 68
857938 114
857939 35
857940 71
857941 9
857945 3
857947 100
857948 5
857949 146
857950 12
857951 15
857952 3
857954 172
857955 53
857958 250
857960 166
857961 8
857962 137
857963 116
857964 261
857966 9
857967 126
857968 138
857970 185
857971 185
857972 49
857973 7
857974 142
857976 9
857978 173
857979 60
857980 83
857981 236
857982 7
857983 88
857984 132
857985 114
857986 43
857989 112
857990 144
857991 167
857992 80
857994 7
857995 209
857996 224
858000 116
858001 130
858002 9
858003 20
858004 235
858005 235
858007 69
858010 73
858011 7
858012 37
858014 18
858015 58
858016 7
858017 7
858018 90
858022 95
858023 1
858024 3
858026 13
858027 209
858028 7
858029 7
858030 48
858033 237
858036 255
858037 169
858040 113
858041 93
858043 266
858045 19
858046 67
858047 78
858050 46
858052 7
858054 228
858055 126
858056 200
858057 237
858058 9
858059 28
858060 129
858063 116
858066 106
858068 74
858069 36
858071 188
858073 57
858076 152
858077 7
858078 199
858079 1
858080 152
858081 258
858082 141
858084 108
858085 101
858086 87
858087 169
858090 173
858091 20
858092 207
858093 70
858095 214
858096 169
858097 9
858098 3
858099 207
858100 92
858101 9
858103 8
858109 238
858111 76
858112 142
858113 146
858114 234
858115 30
858118 142
858119 99
858120 112
858121 48
858122 3
858123 107
858124 15
858129 7
858130 48
858131 85
858133 112
858136 53
858137 78
858138 101
858139 78
858141 182
858142 188
858143 14
858144 251
858146 129
858147 1
858149 88
858150 7
858152 116
858153 15
858155 7
858156 64
858158 122
858159 134
858160 38
858163 30
858164 7
858167 7
858169 112
858170 117
858172 226
858174 213
858175 8
858177 210
858178 3
858179 38
858182 152
858183 217
858184 128
858186 7
858187 67
858190 47
858191 132
858193 36
858195 105
858197 238
858198 9
858200 148
858203 169
858204 12
858207 7
858208 3
858209 80
858210 6
858211 257
858212 48
858213 96
858214 36
858216 61
858218 24
858221 122
858222 48
858223 175
858224 97
858226 174
858227 62
858228 42
858229 134
858230 225
858232 205
858234 62
858235 80
858236 172
858238 184
858243 7
858250 35
858251 170
858252 229
858254 1
858256 264
858259 236
858260 7
858261 3
858262 57
858263 187
858265 12
858266 83
858267 73
858268 2
858269 61
858271 247
858273 231
858274 50
858276 7
858279 170
858280 32
858281 12
858283 204
858284 204
858285 59
858286 37
858289 15
858290 24
858292 262
858294 7
858296 141
858299 35
858301 198
858304 7
858305 231
858309 191
858311 245
858315 83
858317 1
858318 65
858319 262
858320 203
858321 48
858322 88
858323 160
858324 7
858325 9
858326 5
858327 159
858329 251
858330 15
858331 96
858332 195
858333 7
858334 5
858335 245
858336 7
858337 7
858339 167
858340 111
858341 1
858342 114
858343 12
858345 7
858347 68
858349 224
858350 155
858353 30
858355 78
858356 87
858357 80
858358 55
858361 222
858362 195
858363 109
858364 71
858365 196
858366 12
858368 8
858369 7
858373 265
858374 145
858375 145
858377 263
858379 62
858381 264
858382 77
858383 14
858384 14
858385 3
858386 111
858387 230
858389 93
858391 20
858392 126
858393 7
858394 108
858395 52
858396 15
858397 92
858398 48
858399 266
858400 7
858401 243
858402 104
858404 167
858405 8
858406 34
858408 246
858410 24
858411 9
858412 127
858413 138
858415 246
858416 3
858417 90
858418 115
858419 8
858420 222
858425 14
858427 94
858428 14
858429 265
858430 259
858431 65
858433 46
858434 7
858437 94
858440 230
