856559 0
856560 9
856561 1
856562 25
856563 16
856564 27
856567 24
856570 8
856571 7
856572 41
856573 42
856574 52
856575 53
856577 2
856578 54
856579 2
856580 8
856581 7
856582 59
856583 34
856584 2
856585 2
856587 2
856589 55
856590 64
856591 9
856592 65
856594 66
856595 7
856596 2
856597 18
856600 3
856601 75
856602 76
856603 77
856604 78
856605 80
856607 23
856608 82
856609 83
856610 84
856612 55
856614 55
856615 20
856617 2
856618 7
856620 85
856621 19
856622 89
856623 7
856624 7
856625 2
856626 7
856627 2
856628 19
856629 1
856630 91
856631 118
856633 8
856634 4
856637 82
856638 2
856639 33
856640 254
856641 98
856642 16
856643 2
856644 26
856645 9
856647 7
856649 4
856650 7
856651 57
856652 33
856653 26
856656 57
856657 18
856658 7
856659 113
856660 4
856661 116
856662 2
856663 108
856665 2
856666 43
856667 55
856668 11
856669 123
856670 2
856671 18
856672 7
856673 28
856674 124
856678 125
856679 4
856680 7
856681 127
856682 127
856684 5
856685 8
856686 131
856687 101
856688 133
856690 9
856691 3
856692 2
856693 4
856696 2
856697 116
856698 29
856699 4
856700 2
856701 7
856702 136
856703 27
856704 30
856705 20
856706 42
856707 24
856708 66
856709 2
856710 9
856711 49
856712 121
856713 105
856714 92
856715 42
856716 87
856717 7
856719 145
856720 2
856722 30
856725 117
856726 2
856727 0
856728 148
856729 148
856730 56
856731 129
856732 149
856733 4
856734 2
856736 7
856737 11
856738 129
856739 10
856740 7
856741 157
856742 157
856743 157
856744 58
856747 7
856748 159
856749 11
856750 88
856751 26
856752 33
856754 7
856755 160
856756 106
856757 265
856758 4
856759 7
856760 159
856761 268
856764 7
856765 18
856766 12
856767 81
856768 2
856770 7
856771 2
856773 44
856774 7
856775 11
856777 94
856778 10
856779 54
856780 33
856781 166
856782 117
856783 155
856784 167
856785 155
856786 169
856787 12
856788 7
856789 245
856790 169
856794 170
856796 7
856797 5
856798 96
856799 116
856800 141
856801 108
856802 1
856803 136
856804 152
856805 152
856806 6
856807 172
856808 69
856809 173
856811 107
856812 16
856813 44
856814 165
856815 120
856816 7
856817 102
856819 254
856820 4
856823 157
856824 175
856825 15
856826 246
856827 79
856828 7
856829 2
856830 2
856831 4
856832 27
856833 7
856834 83
856836 116
856837 161
856839 11
856840 34
856841 12
856842 116
856843 2
856844 1
856845 2
856846 65
856848 12
856851 166
856852 91
856855 146
856856 159
856857 34
856858 55
856859 153
856861 2
856863 18
856869 179
856870 65
856871 179
856872 114
856874 61
856875 59
856876 30
856878 2
856880 44
856881 171
856882 171
856884 30
856885 168
856886 124
856887 33
856889 181
856890 33
856892 1
856893 33
856894 182
856896 183
856897 45
856900 7
856901 184
856902 6
856903 15
856904 92
856905 174
856906 7
856907 1
856908 7
856909 105
856910 42
856911 170
856912 146
856914 35
856916 27
856917 20
856918 8
856919 7
856920 150
856921 101
856922 156
856925 118
856926 187
856927 9
856930 30
856931 188
856932 16
856933 30
856934 266
856935 189
856936 26
856938 37
856939 135
856940 126
856941 121
856942 2
856944 4
856945 7
856946 134
856949 103
856950 138
856951 15
856952 7
856954 55
856955 33
856956 24
856957 171
856959 82
856960 81
856961 0
856962 0
856963 0
856965 268
856966 46
856967 135
856969 0
856970 7
856971 161
856972 193
856973 108
856974 30
856975 32
856976 183
856978 194
856979 41
856981 140
856982 2
856983 30
856985 47
856986 16
856987 21
856988 54
856989 196
856992 6
856993 100
856994 83
856996 97
856998 6
856999 7
857000 0
857001 81
857003 2
857004 41
857005 7
857006 15
857007 63
857008 74
857009 7
857010 7
857011 30
857012 8
857013 7
857014 141
857018 0
857019 71
857020 199
857022 173
857024 179
857025 193
857026 102
857027 60
857029 2
857031 200
857032 46
857033 203
857035 204
857036 2
857037 7
857038 16
857041 86
857042 7
857043 18
857044 41
857045 206
857046 2
857047 182
857048 20
857050 50
857051 4
857052 2
857053 20
857054 7
857055 33
857057 105
857059 16
857060 2
857061 16
857062 7
857064 113
857069 10
857070 205
857071 116
857072 71
857073 4
857074 190
857075 172
857076 175
857077 94
857078 7
857079 81
857080 119
857081 18
857083 205
857084 15
857085 1
857086 11
857088 41
857090 30
857091 57
857092 127
857094 22
857095 69
857096 7
857097 116
857098 141
857099 7
857101 94
857102 211
857103 15
857104 27
857105 2
857106 63
857107 255
857108 7
857110 103
857113 165
857114 31
857115 32
857118 212
857119 213
857120 96
857121 13
857122 13
857127 7
857128 115
857129 63
857130 11
857131 84
857132 181
857133 108
857135 7
857136 160
857137 173
857138 139
857139 1
857141 11
857142 30
857144 92
857145 2
857146 2
857147 213
857149 4
857150 59
857151 217
857152 218
857155 256
857156 142
857157 105
857158 5
857159 170
857160 136
857161 8
857167 4
857168 4
857169 53
857170 1
857172 18
857173 1
857174 142
857175 147
857176 9
857177 109
857178 219
857179 151
857181 14
857182 2
857183 162
857184 188
857185 10
857187 111
857188 146
857191 7
857192 60
857193 32
857196 33
857197 176
857200 136
857201 2
857202 1
857203 7
857204 2
857205 7
857206 33
857208 11
857209 185
857210 72
857211 54
857212 1
857213 39
857215 87
857216 4
857217 220
857218 27
857219 7
857220 85
857221 17
857222 247
857223 123
857224 42
857226 120
857227 260
857228 260
857229 2
857230 221
857231 221
857233 257
857234 92
857235 95
857236 147
857237 152
857238 40
857239 40
857242 42
857244 7
857245 134
857247 130
857248 41
857251 6
857253 2
857254 30
857255 195
857257 32
857258 108
857259 196
857260 23
857261 131
857264 54
857266 152
857269 257
857270 4
857272 7
857273 7
857274 171
857275 2
857278 52
857279 2
857280 222
857281 55
857282 116
857283 14
857284 7
857285 125
857286 224
857287 92
857288 24
857289 137
857290 11
857291 7
857294 8
857295 4
857296 135
857297 4
857298 218
857299 7
857300 172
857302 125
857303 63
857304 7
857305 111
857309 4
857310 7
857311 94
857312 7
857313 4
857314 4
857316 193
857317 128
857318 7
857320 11
857321 128
857322 2
857323 143
857325 8
857326 63
857327 100
857328 128
857329 128
857330 128
857332 50
857333 200
857334 6
857335 4
857336 7
857337 47
857339 2
857340 35
857341 7
857343 206
857344 7
857345 7
857346 201
857347 24
857349 87
857350 226
857352 2
857354 54
857356 32
857357 27
857359 170
857360 146
857361 137
857365 186
857367 27
857368 7
857369 4
857370 47
857375 2
857376 61
857378 126
857379 41
857381 7
857383 6
857385 2
857386 176
857389 207
857391 137
857392 30
857395 207
857396 55
857397 90
857398 7
857399 261
857400 219
857402 227
857404 82
857405 7
857407 67
857409 210
857410 170
857411 9
857412 63
857413 261
857414 30
857415 18
857416 105
857417 97
857420 262
857421 145
857422 7
857423 48
857424 105
857426 129
857428 153
857429 27
857430 198
857431 27
857432 144
857433 59
857434 50
857435 185
857437 2
857438 127
857439 76
857440 7
857441 202
857442 1
857443 7
857444 98
857445 7
857446 7
857447 42
857448 150
857449 2
857451 13
857453 21
857454 7
857455 153
857456 68
857457 4
857458 7
857459 81
857460 72
857461 52
857462 9
857463 151
857464 7
857465 164
857468 7
857469 7
857470 135
857471 92
857472 88
857474 23
857475 24
857477 141
857479 74
857480 27
857481 15
857482 67
857487 18
857488 165
857489 24
857492 15
857493 151
857495 7
857496 4
857497 43
857498 7
857499 30
857500 58
857502 46
857505 85
857506 220
857507 102
857508 7
857509 2
857510 30
857511 179
857513 121
857514 42
857516 184
857517 130
857518 11
857519 2
857521 7
857523 126
857524 190
857526 11
857527 216
857528 7
857529 248
857530 229
857531 230
857532 230
857533 230
857535 128
857536 177
857537 62
857538 92
857539 225
857541 34
857544 7
857548 42
857549 256
857551 7
857552 138
857554 217
857555 5
857558 146
857559 271
857560 163
857561 172
857564 82
857565 72
857567 49
857571 7
857572 100
857575 104
857577 158
857579 231
857580 30
857581 74
857582 60
857583 143
857584 81
857585 215
857587 2
857588 90
857590 54
857593 162
857595 56
857598 42
857599 104
857600 55
857601 230
857602 216
857603 233
857604 246
857605 37
857606 167
857607 7
857608 230
857609 230
857610 249
857611 229
857612 248
857614 210
857615 234
857618 7
857619 88
857622 63
857623 128
857624 235
857626 63
857629 133
857630 124
857631 107
857632 48
857633 37
857634 13
857635 82
857637 27
857638 121
857639 225
857640 128
857641 128
857644 65
857646 236
857647 7
857649 10
857651 250
857652 32
857653 208
857655 2
857656 39
857658 10
857659 9
857660 4
857661 44
857662 7
857664 172
857665 137
857666 7
857667 210
857668 168
857669 177
857670 231
857671 122
857672 4
857673 9
857675 231
857676 57
857679 57
857680 52
857681 10
857682 38
857684 7
857685 109
857686 262
857687 7
857688 224
857689 180
857690 191
857692 69
857693 263
857694 131
857696 258
857698 245
857699 64
857701 13
857703 9
857704 31
857705 119
857706 30
857707 50
857708 189
857710 132
857711 41
857713 105
857714 7
857715 49
857716 84
857717 36
857718 234
857719 57
857722 126
857723 39
857724 238
857725 125
857726 19
857730 163
857731 27
857732 49
857734 70
857735 134
857736 194
857739 225
857740 225
857741 225
857742 11
857743 112
857744 112
857745 70
857746 9
857750 2
857751 52
857752 92
857754 109
857757 54
857758 5
857759 16
857760 16
857761 130
857763 126
857765 239
857768 75
857769 66
857770 5
857771 214
857773 29
857776 27
857777 51
857778 98
857780 15
857781 15
857782 216
857783 26
857784 7
857785 2
857786 27
857790 105
857791 57
857792 39
857796 34
857799 227
857800 249
857801 2
857803 81
857804 230
857805 249
857806 230
857807 230
857808 163
857809 229
857810 230
857811 230
857812 230
857813 248
857814 230
857816 2
857817 219
857822 223
857823 191
857824 7
857826 2
857828 2
857829 26
857830 4
857832 9
857834 30
857836 7
857837 40
857838 4
857839 30
857841 20
857842 101
857843 178
857845 2
857846 112
857847 213
857849 178
857850 192
857851 177
857852 79
857854 4
857856 251
857857 251
857858 105
857859 71
857861 83
857862 24
857863 174
857864 42
857865 39
857866 25
857867 28
857868 2
857870 264
857871 109
857873 178
857874 264
857875 24
857879 130
857880 28
857881 269
857882 44
857883 27
857885 218
857886 51
857888 195
857889 83
857893 202
857894 201
857895 170
857896 148
857897 240
857899 7
857900 4
857901 73
857902 23
857904 32
857905 32
857906 32
857907 42
857909 45
857911 7
857912 7
857913 2
857914 19
857915 7
857917 148
857918 121
857919 228
857920 197
857921 54
857922 33
857925 52
857926 239
857929 136
857930 41
857932 228
857934 267
857935 22
857937 72
857938 208
857939 41
857940 63
857941 2
857945 1
857947 98
857948 6
857949 147
857950 13
857951 4
857952 1
857954 183
857955 60
857958 258
857960 161
857961 9
857962 139
857963 116
857964 269
857966 2
857967 133
857968 140
857970 181
857971 181
857972 55
857973 7
857974 170
857976 17
857978 172
857979 9
857980 87
857981 242
857982 7
857983 4
857984 166
857985 187
857986 195
857989 112
857990 122
857991 15
857992 83
857994 7
857995 218
857996 232
858000 116
858001 4
858002 2
858003 24
858004 241
858005 241
858007 35
858010 74
858011 7
858012 80
858014 22
858015 20
858016 7
858017 7
858018 91
858022 4
858023 156
858024 27
858026 14
858027 238
858028 7
858029 7
858030 54
858033 243
858036 263
858037 191
858040 114
858041 179
858043 274
858045 186
858046 41
858047 79
858050 52
858052 7
858054 235
858055 151
858056 204
858057 243
858058 2
858059 30
858060 121
858063 116
858066 103
858068 75
858069 144
858071 50
858073 92
858076 154
858077 7
858078 203
858079 35
858080 154
858081 266
858082 105
858084 106
858085 99
858086 91
858087 191
858090 172
858091 24
858092 214
858093 73
858095 223
858096 191
858097 2
858098 5
858099 214
858100 8
858101 2
858103 12
858109 244
858111 77
858112 170
858113 147
858114 240
858115 33
858118 170
858119 97
858120 112
858121 116
858122 1
858123 27
858124 11
858129 7
858130 54
858131 88
858133 112
858136 89
858137 79
858138 99
858139 79
858141 146
858142 50
858143 153
858144 259
858146 121
858147 0
858149 4
858150 7
858152 116
858153 11
858155 7
858156 68
858158 129
858159 134
858160 42
858163 33
858164 7
858167 7
858169 112
858170 163
858172 233
858174 222
858175 12
858177 219
858178 27
858179 44
858182 154
858183 226
858184 5
858186 7
858187 15
858190 53
858191 132
858193 42
858195 4
858197 244
858198 2
858200 149
858203 136
858204 13
858207 7
858208 100
858209 83
858210 4
858211 265
858212 54
858213 94
858214 42
858216 72
858218 16
858221 20
858222 56
858223 173
858224 95
858226 172
858227 66
858228 48
858229 134
858230 42
858232 212
858234 66
858235 15
858236 79
858238 179
858243 7
858250 41
858251 109
858252 236
858254 156
858256 272
858259 242
858260 7
858261 27
858262 92
858263 4
858265 19
858266 42
858267 74
858268 3
858269 72
858271 255
858273 38
858274 247
858276 7
858279 109
858280 36
858281 13
858283 209
858284 209
858285 64
858286 80
858289 4
858290 11
858292 270
858294 7
858296 105
858299 41
858301 200
858304 7
858305 38
858309 192
858311 252
858315 86
858317 4
858318 180
858319 270
858320 4
858321 54
858322 4
858323 42
858324 7
858325 2
858326 153
858327 164
858329 259
858330 4
858331 94
858332 198
858333 104
858334 6
858335 252
858336 7
858337 7
858339 211
858340 110
858341 11
858342 114
858343 13
858345 7
858347 72
858349 232
858350 158
858353 125
858355 79
858356 74
858357 33
858358 2
858361 177
858362 198
858363 107
858364 63
858365 199
858366 13
858368 9
858369 7
858373 273
858374 117
858375 117
858377 271
858379 62
858381 272
858382 78
858383 17
858384 17
858385 30
858386 110
858387 237
858389 8
858391 24
858392 127
858393 7
858394 106
858395 89
858396 11
858397 8
858398 116
858399 274
858400 7
858401 250
858402 101
858404 211
858405 33
858406 40
858408 253
858410 16
858411 215
858412 128
858413 140
858415 253
858416 1
858417 91
858418 115
858419 12
858420 177
858425 17
858427 93
858428 17
858429 273
858430 267
858431 180
858433 52
858434 197
858437 93
858440 237
