0 1
1 1
2 0
3 0
4 0
5 2
6 1
7 3
8 3
9 3
10 0
11 3
12 3
13 1
14 1
15 4
16 0
17 1
18 1
19 3
20 0
21 0
22 0
23 2
24 2
25 2
26 2
27 2
28 0
29 2
30 2
31 0
32 2
33 2
34 2
35 2
36 2
37 2
38 2
39 2
40 2
41 1
42 0
43 3
44 3
45 0
46 0
47 2
48 2
49 0
50 0
51 1
52 1
53 1
54 0
55 0
56 0
57 0
58 0
59 0
60 1
61 1
62 0
63 0
64 1
65 1
66 0
67 0
68 0
69 0
70 0
71 0
72 0
73 1
74 1
75 2
76 2
77 0
78 1
79 1
80 0
81 0
82 1
83 0
84 0
85 1
86 0
87 0
88 0
89 0
90 0
91 0
92 0
93 1
94 1
95 1
96 0
97 4
98 4
99 4
100 4
101 4
102 4
103 1
104 1
105 0
106 0
107 0
108 0
109 0
110 0
111 0
112 0
113 2
114 0
115 0
116 2
117 0
118 0
119 2
120 1
121 0
122 1
123 1
124 4
125 4
126 0
127 7
128 1
129 1
130 1
131 0
132 0
133 1
134 5
135 2
136 2
137 0
138 0
139 4
140 4
141 3
142 0
143 1
144 0
145 0
146 1
147 0
148 1
149 1
150 1
151 2
152 0
153 0
154 0
155 0
156 1
157 1
158 0
159 0
160 1
161 3
162 0
163 0
164 4
165 2
166 1
167 1
168 1
169 0
170 0
171 2
172 1
173 0
174 0
175 0
176 1
177 1
178 1
179 1
180 1
181 1
182 1
183 1
184 0
185 4
186 0
187 0
188 0
189 0
190 0
191 1
192 0
193 0
194 0
195 0
196 1
197 1
198 1
199 1
200 1
201 1
202 1
203 1
204 1
205 1
206 1
207 1
208 0
209 0
210 0
211 0
212 0
213 3
214 1
215 1
216 4
217 0
218 1
219 1
220 1
221 1
222 1
223 1
224 1
225 1
226 1
227 1
228 1
229 2
230 0
231 1
232 1
233 0
234 0
235 0
236 0
237 0
238 0
239 0
240 0
241 0
242 0
243 0
244 0
245 2
246 3
247 3
248 1
249 0
250 1
251 2
252 0
253 0
254 0
255 0
256 0
257 1
258 0
259 0
260 0
261 2
262 1
263 2
264 3
265 3
266 3
267 3
268 1
269 0
270 1
271 0
272 4
273 4
274 4
275 1
276 1
277 1
278 1
279 0
280 1
281 0
282 0
283 1
284 1
285 0
286 0
287 0
288 0
289 1
290 1
291 1
292 1
293 3
294 1
295 1
296 1
297 1
298 0
299 0
300 0
301 2
302 0
303 0
304 0
305 0
306 0
307 1
308 1
309 1
310 1
311 1
312 1
313 1
314 1
315 1
316 1
317 1
318 2
319 0
320 1
321 1
322 4
323 4
324 3
325 0
326 0
327 0
328 0
329 0
330 1
331 1
332 3
333 0
334 4
335 4
336 2
337 2
338 2
339 2
340 1
341 1
342 1
343 1
344 1
345 1
346 1
347 1
348 1
349 1
350 1
351 1
352 1
353 4
354 4
355 0
356 0
357 0
358 3
359 3
360 3
361 2
362 3
363 0
364 0
365 0
366 0
367 0
368 1
369 0
370 2
371 0
372 0
373 0
374 3
375 0
376 1
377 1
378 1
379 1
380 1
381 1
382 1
383 1
384 1
385 1
386 1
387 1
388 1
389 1
390 1
391 1
392 1
393 1
394 1
395 1
396 1
397 1
398 1
399 1
400 0
401 1
402 1
403 1
404 0
405 0
406 3
407 3
408 0
409 2
410 0
411 0
412 0
413 1
414 6
415 6
416 0
417 2
418 0
419 1
420 0
421 3
422 0
423 2
424 0
425 1
426 1
427 0
428 4
429 4
430 3
431 0
432 0
433 0
434 0
435 7
436 2
437 2
438 2
439 2
440 1
441 3
442 2
443 2
444 2
445 1
446 4
447 4
448 4
449 6
450 1
451 3
452 3
453 0
454 0
455 2
456 11
457 1
458 1
459 1
460 0
461 4
462 0
463 12
464 1
465 0
466 3
467 0
468 1
469 0
470 2
471 0
472 0
473 0
474 0
475 0
476 0
477 0
478 0
479 1
480 0
481 0
482 1
483 1
484 1
485 2
486 1
487 3
488 3
489 0
490 0
491 1
492 0
493 1
494 1
495 1
496 3
497 1
498 3
499 3
500 3
501 3
502 3
503 3
504 3
505 3
506 3
507 13
508 0
509 0
510 3
511 1
512 0
513 0
514 0
515 1
516 4
517 4
518 0
519 1
520 0
521 5
522 1
523 1
524 0
525 3
526 1
527 2
528 1
529 3
530 3
531 0
532 0
533 0
534 1
535 5
536 0
537 1
538 0
539 1
540 0
541 4
542 1
543 1
544 1
545 2
546 0
547 2
548 1
549 0
550 0
551 0
552 0
553 5
554 5
555 3
556 1
557 1
558 3
559 0
560 2
561 0
562 1
563 1
564 0
565 3
566 3
567 1
568 1
569 3
570 3
571 0
572 1
573 3
574 1
575 1
576 1
577 0
578 0
579 4
580 14
581 1
582 0
583 5
584 4
585 1
586 0
587 0
588 2
589 0
590 2
591 0
592 4
593 1
594 0
595 1
596 2
597 0
598 5
599 0
600 1
601 1
602 3
603 6
604 0
605 6
606 1
607 0
608 3
609 2
610 0
611 1
612 0
613 7
614 7
615 0
616 1
617 4
618 4
619 0
620 15
621 1
622 0
623 1
624 2
625 0
626 0
627 0
628 1
629 1
630 0
631 0
632 1
633 16
634 17
635 0
636 18
637 0
638 0
639 0
640 4
641 0
642 0
643 0
644 1
645 6
646 0
647 7
648 19
649 3
650 1
651 0
652 0
653 20
654 0
655 1
656 1
657 0
658 21
659 1
660 22
661 3
662 4
663 0
664 1
665 0
666 3
667 0
668 1
669 0
670 23
671 0
672 3
673 1
674 3
675 24
676 4
677 1
678 0
679 0
680 1
681 1
682 1
683 0
684 25
685 0
686 0
687 4
688 1
689 1
690 0
691 26
692 1
693 0
694 1
695 1
696 1
697 6
698 0
699 3
700 3
701 0
702 0
703 27
704 28
705 1
706 1
707 3
708 4
709 4
710 0
711 29
712 10
713 0
714 1
715 0
716 2
717 8
718 0
719 1
720 3
721 2
722 2
723 0
724 2
725 2
726 1
727 1
728 0
729 3
730 1
731 30
732 31
733 0
734 1
735 4
736 0
737 32
738 0
739 3
740 1
741 1
742 7
743 4
744 33
745 9
746 34
747 0
748 0
749 1
750 0
751 1
752 1
753 2
754 3
755 0
756 1
757 2
758 1
759 1
760 4
761 1
762 4
763 2
764 1
765 3
766 5
767 0
768 4
769 0
770 4
771 0
772 35
773 36
774 0
775 2
776 1
777 0
778 3
779 1
780 0
781 1
782 1
783 0
784 37
785 2
786 1
787 0
788 8
789 1
790 1
791 1
792 0
793 7
794 4
795 2
796 0
797 1
798 38
799 0
800 0
801 1
802 39
803 0
804 3
805 3
806 0
807 0
808 40
809 0
810 0
811 0
812 0
813 1
814 1
815 0
816 2
817 1
818 0
819 4
820 1
821 1
822 1
823 3
824 1
825 0
826 0
827 3
828 0
829 1
830 3
831 0
832 0
833 3
834 0
835 1
836 1
837 41
838 4
839 1
840 1
841 1
842 0
843 1
844 2
845 0
846 6
847 2
848 1
849 0
850 1
851 1
852 1
853 1
854 0
855 0
856 3
857 1
858 0
859 0
860 2
861 1
862 0
863 0
864 0
865 0
866 0
867 5
868 2
869 1
870 1
871 1
872 1
873 1
874 1
875 0
876 0
877 0
878 2
879 0
880 0
881 0
882 1
883 2
884 42
885 0
886 0
887 0
888 0
889 0
890 43
891 4
892 4
893 3
894 0
895 2
896 0
897 2
898 0
899 0
900 2
901 0
902 2
903 1
904 1
905 1
906 0
907 1
908 1
909 1
910 1
911 0
912 3
913 3
914 2
915 2
916 6
917 1
918 1
919 2
920 7
921 0
922 3
923 0
924 0
925 2
926 0
927 0
928 0
929 4
930 0
931 0
932 0
933 4
934 1
935 4
936 1
937 4
938 1
939 1
940 1
941 0
942 7
943 1
944 0
945 2
946 0
947 1
948 1
949 0
950 0
951 3
952 0
953 2
954 0
955 1
956 3
957 3
958 0
959 1
960 1
961 1
962 0
963 0
964 2
965 1
966 0
967 3
968 0
969 0
970 1
971 0
972 3
973 0
974 1
975 0
976 2
977 0
978 2
979 9
980 2
981 2
982 0
983 2
984 0
985 1
986 2
987 2
988 2
989 0
990 0
991 0
992 1
993 0
994 1
995 10
996 3
997 2
998 1
999 0
1000 1
1001 0
1002 2
1003 0
1004 0
